# x  y  z
2.0000000000000000000 2.0000000000000000000 2.0000000000000000000 
1.9394512497221778613 1.9394512497221778613 1.9394512497221778613 
1.8807355759408137530 1.8807355759408137530 1.8807355759408137530 
1.8237974833826531285 1.8237974833826531285 1.8237974833826531285 
1.7685831568600032249 1.7685831568600032249 1.7685831568600032249 
1.7150404104071654832 1.7150404104071654832 1.7150404104071654832 
1.6631186379567330924 1.6631186379567330924 1.6631186379567330924 
1.6127687655091351715 1.6127687655091351715 1.6127687655091351715 
1.5639432047502155321 1.5639432047502155321 1.5639432047502155321 
1.5165958080730133073 1.5165958080730133073 1.5165958080730133073 
1.4706818249612310101 1.4706818249612310101 1.4706818249612310101 
1.4261578596931663299 1.4261578596931663299 1.4261578596931663299 
1.3829818303261320889 1.3829818303261320889 1.3829818303261320889 
1.3411129289225973693 1.3411129289225973693 1.3411129289225973693 
1.3005115829804583250 1.3005115829804583250 1.3005115829804583250 
1.2611394180309838386 1.2611394180309838386 1.2611394180309838386 
1.2229592213690858582 1.2229592213690858582 1.2229592213690858582 
1.1859349068816329442 1.1859349068816329442 1.1859349068816329442 
1.1500314809405665084 1.1500314809405665084 1.1500314809405665084 
1.1152150093285806420 1.1152150093285806420 1.1152150093285806420 
1.0814525851661072053 1.0814525851661072053 1.0814525851661072053 
1.0487122978092939807 1.0487122978092939807 1.0487122978092939807 
1.0169632026895736310 1.0169632026895736310 1.0169632026895736310 
0.98617529206632481564 0.98617529206632481564 0.98617529206632481564 
0.95631946666497691378 0.95631946666497691378 0.95631946666497691378 
0.92736750817375424027 0.92736750817375424027 0.92736750817375424027 
0.89929205257306488175 0.89929205257306488175 0.89929205257306488175 
0.87206656427232520645 0.87206656427232520645 0.87206656427232520645 
0.84566531102977726686 0.84566531102977726686 0.84566531102977726686 
0.82006333963159272482 0.82006333963159272482 0.82006333963159272482 
0.79523645230727690869 0.79523645230727690869 0.79523645230727690869 
0.77116118385908327681 0.77116118385908327681 0.77116118385908327681 
0.74781477948381924747 0.74781477948381924747 0.74781477948381924747 
0.72517517326608516015 0.72517517326608516015 0.72517517326608516015 
0.70322096732261551999 0.70322096732261551999 0.70322096732261551999 
0.68193141157801406838 0.68193141157801406838 0.68193141157801406838 
0.66128638415276519424 0.66128638415276519424 0.66128638415276519424 
0.64126637234498673479 0.64126637234498673479 0.64126637234498673479 
0.62185245418794854455 0.62185245418794854455 0.62185245418794854455 
0.60302628056592610939 0.60302628056592610939 0.60302628056592610939 
0.58477005787148561566 0.58477005787148561566 0.58477005787148561566 
0.56706653118780880884 0.56706653118780880884 0.56706653118780880884 
0.54989896798016346668 0.54989896798016346668 0.54989896798016346668 
0.53325114228110415127 0.53325114228110415127 0.53325114228110415127 
0.51710731935445630736 0.51710731935445630736 0.51710731935445630736 
0.50145224082358930140 0.50145224082358930140 0.50145224082358930140 
0.48627111024992153432 0.48627111024992153432 0.48627111024992153432 
0.47154957914802747565 0.47154957914802747565 0.47154957914802747565 
0.45727373342412946933 0.45727373342412946933 0.45727373342412946933 
0.44343008022515500999 0.44343008022515500999 0.44343008022515500999 
0.43000553518593143121 0.43000553518593143121 0.43000553518593143121 
0.41698741006246387020 0.41698741006246387020 0.41698741006246387020 
0.40436340073960791441 0.40436340073960791441 0.40436340073960791441 
0.39212157560180310734 0.39212157560180310734 0.39212157560180310734 
0.38025036425587499522 0.38025036425587499522 0.38025036425587499522 
0.36873854659524762933 0.36873854659524762933 0.36873854659524762933 
0.35757524219523073583 0.35757524219523073583 0.35757524219523073583 
0.34674990002935701661 0.34674990002935701661 0.34674990002935701661 
0.33625228849705263157 0.33625228849705263157 0.33625228849705263157 
0.32607248575321234885 0.32607248575321234885 0.32607248575321234885 
0.31620087033054206094 0.31620087033054206094 0.31620087033054206094 
0.30662811204580348035 0.30662811204580348035 0.30662811204580348035 
0.29734516318136694490 0.29734516318136694490 0.29734516318136694490 
0.28834324993373733337 0.28834324993373733337 0.28834324993373733337 
0.27961386412097088972 0.27961386412097088972 0.27961386412097088972 
0.27114875514114439303 0.27114875514114439303 0.27114875514114439303 
0.26293992217427730740 0.26293992217427730740 0.26293992217427730740 
0.25497960662033569701 0.25497960662033569701 0.25497960662033569701 
0.24726028476617095686 0.24726028476617095686 0.24726028476617095686 
0.23977466067446270848 0.23977466067446270848 0.23977466067446270848 
0.23251565928794440397 0.23251565928794440397 0.23251565928794440397 
0.22547641974239435170 0.22547641974239435170 0.22547641974239435170 
0.21865028888207199698 0.21865028888207199698 0.21865028888207199698 
0.21203081497147013845 0.21203081497147013845 0.21203081497147013845 
0.20561174159744033396 0.20561174159744033396 0.20561174159744033396 
0.19938700175592741215 0.19938700175592741215 0.19938700175592741215 
0.19335071211772481004 0.19335071211772481004 0.19335071211772481004 
0.18749716746783054444 0.18749716746783054444 0.18749716746783054444 
0.18182083531314804925 0.18182083531314804925 0.18182083531314804925 
0.17631635065343601032 0.17631635065343601032 0.17631635065343601032 
0.17097851091056429085 0.17097851091056429085 0.17097851091056429085 
0.16580227101128341971 0.16580227101128341971 0.16580227101128341971 
0.16078273861886047125 0.16078273861886047125 0.16078273861886047125 
0.15591516950907408079 0.15591516950907408079 0.15591516950907408079 
0.15119496308619856384 0.15119496308619856384 0.15119496308619856384 
0.14661765803473864045 0.14661765803473864045 0.14661765803473864045 
0.14217892810280557958 0.14217892810280557958 0.14217892810280557958 
0.13787457801314861872 0.13787457801314861872 0.13787457801314861872 
0.13370053949797794379 0.13370053949797794379 0.13370053949797794379 
0.12965286745383036715 0.12965286745383036715 0.12965286745383036715 
0.12572773621284474843 0.12572773621284474843 0.12572773621284474843 
0.12192143592692179788 0.12192143592692179788 0.12192143592692179788 
0.11823036906135141189 0.11823036906135141189 0.11823036906135141189 
0.11465104699459331694 0.11465104699459331694 0.11465104699459331694 
0.11118008672099731482 0.11118008672099731482 0.11118008672099731482 
0.10781420765334649714 0.10781420765334649714 0.10781420765334649714 
0.10455022852220173524 0.10455022852220173524 0.10455022852220173524 
0.10138506436911642883 0.10138506436911642883 0.10138506436911642883 
0.098315723630879994777 0.098315723630879994777 0.098315723630879994777 
0.095339305312033995055 0.095339305312033995055 0.095339305312033995055 
0.092452996242988680353 0.092452996242988680353 0.092452996242988680353 
0.089654068421148355728 0.089654068421148355728 0.089654068421148355728 
0.086939876432532606221 0.086939876432532606221 0.086939876432532606221 
0.084307854951456276393 0.084307854951456276393 0.084307854951456276393 
0.081755516315905177316 0.081755516315905177316 0.081755516315905177316 
0.079280448176315812536 0.079280448176315812536 0.079280448176315812536 
0.076880311215536831226 0.076880311215536831226 0.076880311215536831226 
0.074552836937817321128 0.074552836937817321128 0.074552836937817321128 
0.072295825524732043599 0.072295825524732043599 0.072295825524732043599 
0.070107143756017301084 0.070107143756017301084 0.070107143756017301084 
0.067984722993352203479 0.067984722993352203479 0.067984722993352203479 
0.065926557225179718835 0.065926557225179718835 0.065926557225179718835 
0.063930701170719569926 0.063930701170719569926 0.063930701170719569926 
0.061995268441381035096 0.061995268441381035096 0.061995268441381035096 
0.060118429757837786587 0.060118429757837786587 0.060118429757837786587 
0.058298411221079739220 0.058298411221079739220 0.058298411221079739220 
0.056533492635807744420 0.056533492635807744420 0.056533492635807744420 
0.054822005884586473556 0.054822005884586473556 0.054822005884586473556 
0.053162333351218886424 0.053162333351218886424 0.053162333351218886424 
0.051552906391851976986 0.051552906391851976986 0.051552906391851976986 
0.049992203852368959083 0.049992203852368959083 0.049992203852368959083 
0.048478750630666436749 0.048478750630666436749 0.048478750630666436749 
0.047011116282457778015 0.047011116282457778015 0.047011116282457778015 
0.045587913669284968465 0.045587913669284968465 0.045587913669284968465 
0.044207797647461022361 0.044207797647461022361 0.044207797647461022361 
0.042869463796703893843 0.042869463796703893843 0.042869463796703893843 
0.041571647187260266088 0.041571647187260266088 0.041571647187260266088 
0.040313121184353817306 0.040313121184353817306 0.040313121184353817306 
0.039092696288828172879 0.039092696288828172879 0.039092696288828172879 
0.037909219012888656364 0.037909219012888656364 0.037909219012888656364 
0.036761570789880251842 0.036761570789880251842 0.036761570789880251842 
0.035648666917071414328 0.035648666917071414328 0.035648666917071414328 
0.034569455530444409552 0.034569455530444409552 0.034569455530444409552 
0.033522916610523298409 0.033522916610523298409 0.033522916610523298409 
0.032508061018299845568 0.032508061018299845568 0.032508061018299845568 
0.031523929560346185264 0.031523929560346185264 0.031523929560346185264 
0.030569592082230628155 0.030569592082230628155 0.030569592082230628155 
0.029644146589379763435 0.029644146589379763435 0.029644146589379763435 
0.028746718394555930559 0.028746718394555930559 0.028746718394555930559 
0.027876459291144257274 0.027876459291144257274 0.027876459291144257274 
0.027032546751467972229 0.027032546751467972229 0.027032546751467972229 
0.026214183149374185172 0.026214183149374185172 0.026214183149374185172 
0.025420595006355475864 0.025420595006355475864 0.025420595006355475864 
0.024651032260494597920 0.024651032260494597920 0.024651032260494597920 
0.023904767557541534151 0.023904767557541534151 0.023904767557541534151 
0.023181095563452696479 0.023181095563452696479 0.023181095563452696479 
0.022479332297742599112 0.022479332297742599112 0.022479332297742599112 
0.021798814487017922209 0.021798814487017922209 0.021798814487017922209 
0.021138898938082902740 0.021138898938082902740 0.021138898938082902740 
0.020498961930023616718 0.020498961930023616718 0.020498961930023616718 
0.019878398624696504843 0.019878398624696504843 0.019878398624696504843 
0.019276622495064017759 0.019276622495064017759 0.019276622495064017759 
0.018693064770837042321 0.018693064770837042321 0.018693064770837042321 
0.018127173900900191150 0.018127173900900191150 0.018127173900900191150 
0.017578415032011775188 0.017578415032011775188 0.017578415032011775188 
0.017046269503285901847 0.017046269503285901847 0.017046269503285901847 
0.016530234355978747768 0.016530234355978747768 0.016530234355978747768 
0.016029821858115796823 0.016029821858115796823 0.016029821858115796823 
0.015544559043510677160 0.015544559043510677160 0.015544559043510677160 
0.015073987264739924924 0.015073987264739924924 0.015073987264739924924 
0.014617661759651174105 0.014617661759651174105 0.014617661759651174105 
0.014175151230995041221 0.014175151230995041221 0.014175151230995041221 
0.013746037438783388976 0.013746037438783388976 0.013746037438783388976 
0.013329914804988714574 0.013329914804988714574 0.013329914804988714574 
0.012926390030211001511 0.012926390030211001511 0.012926390030211001511 
0.012535081721949763861 0.012535081721949763861 0.012535081721949763861 
0.012155620034129926976 0.012155620034129926976 0.012155620034129926976 
0.011787646317540829283 0.011787646317540829283 0.011787646317540829283 
0.011430812780857982705 0.011430812780857982705 0.011430812780857982705 
0.011084782161927198701 0.011084782161927198701 0.011084782161927198701 
0.010749227409000357975 0.010749227409000357975 0.010749227409000357975 
0.010423831371621611677 0.010423831371621611677 0.010423831371621611677 
0.010108286500871782598 0.010108286500871782598 0.010108286500871782598 
0.0098022945586877015950 0.0098022945586877015950 0.0098022945586877015950 
0.0095055663359817198915 0.0095055663359817198915 0.0095055663359817198915 
0.0092178213792949749428 0.0092178213792949749428 0.0092178213792949749428 
0.0089387877257260748426 0.0089387877257260748426 0.0089387877257260748426 
0.0086682016458846430224 0.0086682016458846430224 0.0086682016458846430224 
0.0084058073946267925641 0.0084058073946267925641 0.0084058073946267925641 
0.0081513569693369338637 0.0081513569693369338637 0.0081513569693369338637 
0.0079046098755274525616 0.0079046098755274525616 0.0079046098755274525616 
0.0076653328995347084010 0.0076653328995347084010 0.0076653328995347084010 
0.0074332998880965294591 0.0074332998880965294591 0.0074332998880965294591 
0.0072082915346028684014 0.0072082915346028684014 0.0072082915346028684014 
0.0069900951718175766483 0.0069900951718175766483 0.0069900951718175766483 
0.0067785045708754123467 0.0067785045708754123467 0.0067785045708754123467 
0.0065733197463642882921 0.0065733197463642882921 0.0065733197463642882921 
0.0063743467673085260974 0.0063743467673085260974 0.0063743467673085260974 
0.0061813975738744947330 0.0061813975738744947330 0.0061813975738744947330 
0.0059942897996253614520 0.0059942897996253614520 0.0059942897996253614520 
0.0058128465991569740201 0.0058128465991569740201 0.0058128465991569740201 
0.0056368964809519620310 0.0056368964809519620310 0.0056368964809519620310 
0.0054662731452940838475 0.0054662731452940838475 0.0054662731452940838475 
0.0053008153270896057885 0.0053008153270896057885 0.0053008153270896057885 
0.0051403666434471830676 0.0051403666434471830676 0.0051403666434471830676 
0.0049847754458721528839 0.0049847754458721528839 0.0049847754458721528839 
0.0048338946769355640651 0.0048338946769355640651 0.0048338946769355640651 
0.0046875817312824639635 0.0046875817312824639635 0.0046875817312824639635 
0.0045456983208480702605 0.0045456983208480702605 0.0045456983208480702605 
0.0044081103441544425975 0.0044081103441544425975 0.0044081103441544425975 
0.0042746877595641200390 0.0042746877595641200390 0.0042746877595641200390 
0.0041453044623709286998 0.0041453044623709286998 0.0041453044623709286998 
0.0040198381656117816371 0.0040198381656117816371 0.0040198381656117816371 
0.0038981702844868393147 0.0038981702844868393147 0.0038981702844868393147 
0.0037801858242787716828 0.0037801858242787716828 0.0037801858242787716828 
0.0036657732716652018275 0.0036657732716652018275 0.0036657732716652018275 
0.0035548244893215939257 0.0035548244893215939257 0.0035548244893215939257 
0.0034472346137149798527 0.0034472346137149798527 0.0034472346137149798527 
0.0033429019559919120538 0.0033429019559919120538 0.0033429019559919120538 
0.0032417279058669797552 0.0032417279058669797552 0.0032417279058669797552 
0.0031436168384210380101 0.0031436168384210380101 0.0031436168384210380101 
0.0030484760237210629247 0.0030484760237210629247 0.0030484760237210629247 
0.0029562155391762139772 0.0029562155391762139772 0.0029562155391762139772 
0.0028667481845472586773 0.0028667481845472586773 0.0028667481845472586773 
0.0027799893995290405647 0.0027799893995290405647 0.0027799893995290405647 
0.0026958571838280815172 0.0026958571838280815172 0.0026958571838280815172 
0.0026142720196597928409 0.0026142720196597928409 0.0026142720196597928409 
0.0025351567965920282326 0.0025351567965920282326 0.0025351567965920282326 
0.0024584367386639581661 0.0024584367386639581661 0.0024584367386639581661 
0.0023840393337113763642 0.0023840393337113763642 0.0023840393337113763642 
0.0023118942648316328538 0.0023118942648316328538 0.0023118942648316328538 
0.0022419333439234329086 0.0022419333439234329086 0.0022419333439234329086 
0.0021740904472386719283 0.0021740904472386719283 0.0021740904472386719283 
0.0021083014528854014148 0.0021083014528854014148 0.0021083014528854014148 
0.0020445041802228552420 0.0020445041802228552420 0.0020445041802228552420 
0.0019826383310912530471 0.0019826383310912530471 0.0019826383310912530471 
0.0019226454328208361991 0.0019226454328208361991 0.0019226454328208361991 
0.0018644687829662710127 0.0018644687829662710127 0.0018644687829662710127 
0.0018080533957141834301 0.0018080533957141834301 0.0018080533957141834301 
0.0017533459499131723303 0.0017533459499131723303 0.0017533459499131723303 
0.0017002947386771845046 0.0017002947386771845046 0.0017002947386771845046 
0.0016488496205146142750 0.0016488496205146142750 0.0016488496205146142750 
0.0015989619719369424760 0.0015989619719369424760 0.0015989619719369424760 
0.0015505846415021173022 0.0015505846415021173022 0.0015505846415021173022 
0.0015036719052492456168 0.0015036719052492456168 0.0015036719052492456168 
0.0014581794234824715147 0.0014581794234824715147 0.0014581794234824715147 
0.0014140641988631956916 0.0014140641988631956916 0.0014140641988631956916 
0.0013712845357710281950 0.0013712845357710281950 0.0013712845357710281950 
0.0013298000008950640934 0.0013298000008950640934 0.0013298000008950640934 
0.0012895713850182319131 0.0012895713850182319131 0.0012895713850182319131 
0.0012505606659586007180 0.0012505606659586007180 0.0012505606659586007180 
0.0012127309726326141771 0.0012127309726326141771 0.0012127309726326141771 
0.0011760465502062894191 0.0011760465502062894191 0.0011760465502062894191 
0.0011404727263014417457 0.0011404727263014417457 0.0011404727263014417457 
0.0011059758782249952576 0.0011059758782249952576 0.0011059758782249952576 
0.0010725234011904063395 0.0010725234011904063395 0.0010725234011904063395 
0.0010400836775011634838 0.0010400836775011634838 0.0010400836775011634838 
0.0010086260466672398312 0.0010086260466672398312 0.0010086260466672398312 
0.00097812077642624867257 0.00097812077642624867257 0.00097812077642624867257 
0.00094853903464191897856 0.00094853903464191897856 0.00094853903464191897856 
0.00091985286205332561591 0.00091985286205332561591 0.00091985286205332561591 
0.00089203514584912011430 0.00089203514584912011430 0.00089203514584912011430 
0.00086505959404178662652 0.00086505959404178662652 0.00086505959404178662652 
0.00083890071061769994586 0.00083890071061769994586 0.00083890071061769994586 
0.00081353377143950208680 0.00081353377143950208680 0.00081353377143950208680 
0.00078893480087801834150 0.00078893480087801834150 0.00078893480087801834150 
0.00076508054915162902309 0.00076508054915162902309 0.00076508054915162902309 
0.00074194847035167663888 0.00074194847035167663888 0.00074194847035167663888 
0.00071951670113314168502 0.00071951670113314168502 0.00071951670113314168502 
0.00069776404005044432091 0.00069776404005044432091 0.00069776404005044432091 
0.00067666992751884251500 0.00067666992751884251500 0.00067666992751884251500 
0.00065621442638248651726 0.00065621442638248651726 0.00065621442638248651726 
0.00063637820307076414100 0.00063637820307076414100 0.00063637820307076414100 
0.00061714250932512471331 0.00061714250932512471331 0.00061714250932512471331 
0.00059848916447911425665 0.00059848916447911425665 0.00059848916447911425665 
0.00058040053827487011074 0.00058040053827487011074 0.00058040053827487011074 
0.00056285953419983722392 0.00056285953419983722392 0.00056285953419983722392 
0.00054584957332795352395 0.00054584957332795352395 0.00054584957332795352395 
0.00052935457865003500682 0.00052935457865003500682 0.00052935457865003500682 
0.00051335895987854817356 0.00051335895987854817356 0.00051335895987854817356 
0.00049784759871240868989 0.00049784759871240868989 0.00049784759871240868989 
0.00048280583454787958340 0.00048280583454787958340 0.00048280583454787958340 
0.00046821945062206307177 0.00046821945062206307177 0.00046821945062206307177 
0.00045407466057588972714 0.00045407466057588972714 0.00045407466057588972714 
0.00044035809542390490353 0.00044035809542390490353 0.00044035809542390490353 
0.00042705679091853746259 0.00042705679091853746259 0.00042705679091853746259 
0.00041415817529690652186 0.00041415817529690652186 0.00041415817529690652186 
0.00040165005739858727169 0.00040165005739858727169 0.00040165005739858727169 
0.00038952061514310341774 0.00038952061514310341774 0.00038952061514310341774 
0.00037775838435625684782 0.00037775838435625684782 0.00037775838435625684782 
0.00036635224793473330964 0.00036635224793473330964 0.00036635224793473330964 
0.00035529142533874294267 0.00035529142533874294267 0.00035529142533874294267 
0.00034456546240276485996 0.00034456546240276485996 0.00034456546240276485996 
0.00033416422145476519165 0.00033416422145476519165 0.00033416422145476519165 
0.00032407787173454954358 0.00032407787173454954358 0.00032407787173454954358 
0.00031429688010219450616 0.00031429688010219450616 0.00031429688010219450616 
0.00030481200202777509155 0.00030481200202777509155 0.00030481200202777509155 
0.00029561427285387320910 0.00029561427285387320910 0.00029561427285387320910 
0.00028669499932260816052 0.00028669499932260816052 0.00028669499932260816052 
0.00027804575135918096649 0.00027804575135918096649 0.00027804575135918096649 
0.00026965835410416714351 0.00026965835410416714351 0.00026965835410416714351 
0.00026152488018702700840 0.00026152488018702700840 0.00026152488018702700840 
0.00025363764223353021639 0.00025363764223353021639 0.00025363764223353021639 
0.00024598918560001431293 0.00024598918560001431293 0.00024598918560001431293 
0.00023857228132760811964 0.00023857228132760811964 0.00023857228132760811964 
0.00023137991930976284458 0.00023137991930976284458 0.00023137991930976284458 
0.00022440530166663107776 0.00022440530166663107776 0.00022440530166663107776 
0.00021764183632003297341 0.00021764183632003297341 0.00021764183632003297341 
0.00021108313076293624380 0.00021108313076293624380 0.00021108313076293624380 
0.00020472298601756125608 0.00020472298601756125608 0.00020472298601756125608 
0.00019855539077640103722 0.00019855539077640103722 0.00019855539077640103722 
0.00019257451572061808271 0.00019257451572061808271 0.00019257451572061808271 
0.00018677470801044843032 0.00018677470801044843032 0.00018677470801044843032 
0.00018115048594240525082 0.00018115048594240525082 0.00018115048594240525082 
0.00017569653376823250084 0.00017569653376823250084 0.00017569653376823250084 
0.00017040769667071135082 0.00017040769667071135082 0.00017040769667071135082 
0.00016527897589157128735 0.00016527897589157128735 0.00016527897589157128735 
0.00016030552400690055133 0.00016030552400690055133 0.00016030552400690055133 
0.00015548264034559073385 0.00015548264034559073385 0.00015548264034559073385 
0.00015080576654648503642 0.00015080576654648503642 0.00015080576654648503642 
0.00014627048225003140601 0.00014627048225003140601 0.00014627048225003140601 
0.00014187250092036801023 0.00014187250092036801023 0.00014187250092036801023 
0.00013760766579389255120 0.00013760766579389255120 0.00013760766579389255120 
0.00013347194595048631404 0.00013347194595048631404 0.00013347194595048631404 
0.00012946143250367950347 0.00012946143250367950347 0.00012946143250367950347 
0.00012557233490615674499 0.00012557233490615674499 0.00012557233490615674499 
0.00012180097736711148438 0.00012180097736711148438 0.00012180097736711148438 
0.00011814379537806259015 0.00011814379537806259015 0.00011814379537806259015 
0.00011459733234384984236 0.00011459733234384984236 0.00011459733234384984236 
0.00011115823631562389779 0.00011115823631562389779 0.00011115823631562389779 
0.00010782325682274307248 0.00010782325682274307248 0.00010782325682274307248 
0.00010458924180058241623 0.00010458924180058241623 0.00010458924180058241623 
0.00010145313461135165305 0.00010145313461135165305 0.00010145313461135165305 
0.000098411971155105867600 0.000098411971155105867600 0.000098411971155105867600 
0.000095462877068218713033 0.000095462877068218713033 0.000095462877068218713033 
0.000092603065006669990113 0.000092603065006669990113 0.000092603065006669990113 
0.000089829832011580247478 0.000089829832011580247478 0.000089829832011580247478 
0.000087140556954502044877 0.000087140556954502044877 0.000087140556954502044877 
0.000084532698060053469550 0.000084532698060053469550 0.000084532698060053469550 
0.000082003790503552557631 0.000082003790503552557631 0.000082003790503552557631 
0.000079551444081381691336 0.000079551444081381691336 0.000079551444081381691336 
0.000077173340951880418123 0.000077173340951880418123 0.000077173340951880418123 
0.000074867233444631301441 0.000074867233444631301441 0.000074867233444631301441 
0.000072630941936068315712 0.000072630941936068315712 0.000072630941936068315712 
0.000070462352789399938010 0.000070462352789399938010 0.000070462352789399938010 
0.000068359416356899749983 0.000068359416356899749983 0.000068359416356899749983 
0.000066320145042676574565 0.000066320145042676574565 0.000066320145042676574565 
0.000064342611424092862249 0.000064342611424092862249 0.000064342611424092862249 
0.000062424946430056298227 0.000062424946430056298227 0.000062424946430056298227 
0.000060565337574462226175 0.000060565337574462226175 0.000060565337574462226175 
0.000058762027243117671328 0.000058762027243117671328 0.000058762027243117671328 
0.000057013311032527713706 0.000057013311032527713706 0.000057013311032527713706 
0.000055317536138974022445 0.000055317536138974022445 0.000055317536138974022445 
0.000053673099796363060341 0.000053673099796363060341 0.000053673099796363060341 
0.000052078447761367539532 0.000052078447761367539532 0.000052078447761367539532 
0.000050532072844429229267 0.000050532072844429229267 0.000050532072844429229267 
0.000049032513485234815228 0.000049032513485234815228 0.000049032513485234815228 
0.000047578352371318292273 0.000047578352371318292273 0.000047578352371318292273 
0.000046168215098484416338 0.000046168215098484416338 0.000046168215098484416338 
0.000044800768871786928328 0.000044800768871786928328 0.000044800768871786928328 
0.000043474721245833928217 0.000043474721245833928217 0.000043474721245833928217 
0.000042188818903229721757 0.000042188818903229721757 0.000042188818903229721757 
0.000040941846469998579661 0.000040941846469998579661 0.000040941846469998579661 
0.000039732625366870848573 0.000039732625366870848573 0.000039732625366870848573 
0.000038560012695345646306 0.000038560012695345646306 0.000038560012695345646306 
0.000037422900157477360732 0.000037422900157477360732 0.000037422900157477360732 
0.000036320213008364904915 0.000036320213008364904915 0.000036320213008364904915 
0.000035250909040353790923 0.000035250909040353790923 0.000035250909040353790923 
0.000034213977597990798661 0.000034213977597990798661 0.000034213977597990798661 
0.000033208438622800330196 0.000033208438622800330196 0.000033208438622800330196 
0.000032233341726979566650 0.000032233341726979566650 0.000032233341726979566650 
0.000031287765295136954740 0.000031287765295136954740 0.000031287765295136954740 
0.000030370815613224960537 0.000030370815613224960537 0.000030370815613224960537 
0.000029481626023843953972 0.000029481626023843953972 0.000029481626023843953972 
0.000028619356107118624501 0.000028619356107118624501 0.000028619356107118624501 
0.000027783190886372970200 0.000027783190886372970200 0.000027783190886372970200 
0.000026972340057852948645 0.000026972340057852948645 0.000026972340057852948645 
0.000026186037243768788474 0.000026186037243768788474 0.000026186037243768788474 
0.000025423539267951030820 0.000025423539267951030820 0.000025423539267951030820 
0.000024684125453435616784 0.000024684125453435616784 0.000024684125453435616784 
0.000023967096941314143619 0.000023967096941314143619 0.000023967096941314143619 
0.000023271776030205564923 0.000023271776030205564923 0.000023271776030205564923 
0.000022597505535724919087 0.000022597505535724919087 0.000022597505535724919087 
0.000021943648169343803037 0.000021943648169343803037 0.000021943648169343803037 
0.000021309585936055434798 0.000021309585936055434798 0.000021309585936055434798 
0.000020694719550275061476 0.000020694719550275061476 0.000020694719550275061476 
0.000020098467869423596255 0.000020098467869423596255 0.000020098467869423596255 
0.000019520267344659210406 0.000019520267344659210406 0.000019520267344659210406 
0.000018959571488237638944 0.000018959571488237638944 0.000018959571488237638944 
0.000018415850356997872636 0.000018415850356997872636 0.000018415850356997872636 
0.000017888590051484979450 0.000017888590051484979450 0.000017888590051484979450 
0.000017377292230236686019 0.000017377292230236686019 0.000017377292230236686019 
0.000016881473638774637409 0.000016881473638774637409 0.000016881473638774637409 
0.000016400665652855161785 0.000016400665652855161785 0.000016400665652855161785 
0.000015934413835547820847 0.000015934413835547820847 0.000015934413835547820847 
0.000015482277507723179598 0.000015482277507723179598 0.000015482277507723179598 
0.000015043829331543736344 0.000015043829331543736344 0.000015043829331543736344 
0.000014618654906564467846 0.000014618654906564467846 0.000014618654906564467846 
0.000014206352378061153969 0.000014206352378061153969 0.000014206352378061153969 
0.000013806532057216326710 0.000013806532057216326710 0.000013806532057216326710 
0.000013418816052803864291 0.000013418816052803864291 0.000013418816052803864291 
0.000013042837914024104840 0.000013042837914024104840 0.000013042837914024104840 
0.000012678242284151908242 0.000012678242284151908242 0.000012678242284151908242 
0.000012324684564670320108 0.000012324684564670320108 0.000012324684564670320108 
0.000011981830589572380074 0.000011981830589572380074 0.000011981830589572380074 
0.000011649356309523228791 0.000011649356309523228791 0.000011649356309523228791 
0.000011326947485584047971 0.000011326947485584047971 0.000011326947485584047971 
0.000011014299392208285467 0.000011014299392208285467 0.000011014299392208285467 
0.000010711116529229514546 0.000010711116529229514546 0.000010711116529229514546 
0.000010417112342568672355 0.000010417112342568672355 0.000010417112342568672355 
0.000010132008953396720070 0.000010132008953396720070 0.000010132008953396720070 
0.0000098555368954967378388 0.0000098555368954967378388 0.0000098555368954967378388 
0.0000095874348605772196318 0.0000095874348605772196318 0.0000095874348605772196318 
0.0000093274494512958598940 0.0000093274494512958598940 0.0000093274494512958598940 
0.0000090753349417603930904 0.0000090753349417603930904 0.0000090753349417603930904 
0.0000088308530452801064321 0.0000088308530452801064321 0.0000088308530452801064321 
0.0000085937726891485680152 0.0000085937726891485680152 0.0000085937726891485680152 
0.0000083638697962446364542 0.0000083638697962446364542 0.0000083638697962446364542 
0.0000081409270732453859848 0.0000081409270732453859848 0.0000081409270732453859848 
0.0000079247338052507592689 0.0000079247338052507592689 0.0000079247338052507592689 
0.0000077150856566258147276 0.0000077150856566258147276 0.0000077150856566258147276 
0.0000075117844778723695385 0.0000075117844778723695385 0.0000075117844778723695385 
0.0000073146381183474840635 0.0000073146381183474840635 0.0000073146381183474840635 
0.0000071234602446517705259 0.0000071234602446517705259 0.0000071234602446517705259 
0.0000069380701645158992743 0.0000069380701645158992743 0.0000069380701645158992743 
0.0000067582926560188183080 0.0000067582926560188183080 0.0000067582926560188183080 
0.0000065839578019763000279 0.0000065839578019763000279 0.0000065839578019763000279 
0.0000064149008293432648918 0.0000064149008293432648918 0.0000064149008293432648918 
0.0000062509619534781072199 0.0000062509619534781072199 0.0000062509619534781072199 
0.0000060919862271218206854 0.0000060919862271218206854 0.0000060919862271218206854 
0.0000059378233939491908129 0.0000059378233939491908129 0.0000059378233939491908129 
0.0000057883277465536332087 0.0000057883277465536332087 0.0000057883277465536332087 
0.0000056433579887314549883 0.0000056433579887314549883 0.0000056433579887314549883 
0.0000055027771019353792354 0.0000055027771019353792354 0.0000055027771019353792354 
0.0000053664522157711034076 0.0000053664522157711034076 0.0000053664522157711034076 
0.0000052342544824144979695 0.0000052342544824144979695 0.0000052342544824144979695 
0.0000051060589548307471383 0.0000051060589548307471383 0.0000051060589548307471383 
0.0000049817444686803292805 0.0000049817444686803292805 0.0000049817444686803292805 
0.0000048611935278002268177 0.0000048611935278002268177 0.0000048611935278002268177 
0.0000047442921931521156773 0.0000047442921931521156773 0.0000047442921931521156773 
0.0000046309299751325852122 0.0000046309299751325852122 0.0000046309299751325852122 
0.0000045209997291435997924 0.0000045209997291435997924 0.0000045209997291435997924 
0.0000044143975543244998611 0.0000044143975543244998611 0.0000044143975543244998611 
0.0000043110226953498328144 0.0000043110226953498328144 0.0000043110226953498328144 
0.0000042107774472001890571 0.0000042107774472001890571 0.0000042107774472001890571 
0.0000041135670628160493734 0.0000041135670628160493734 0.0000041135670628160493734 
0.0000040192996635473517841 0.0000040192996635473517841 0.0000040192996635473517841 
0.0000039278861523141415113 0.0000039278861523141415113 0.0000039278861523141415113 
0.0000038392401293962384170 0.0000038392401293962384170 0.0000038392401293962384170 
0.0000037532778107723088647 0.0000037532778107723088647 0.0000037532778107723088647 
0.0000036699179489311785737 0.0000036699179489311785737 0.0000036699179489311785737 
0.0000035890817560805362817 0.0000035890817560805362817 0.0000035890817560805362817 
0.0000035106928296804446919 0.0000035106928296804446919 0.0000035106928296804446919 
0.0000034346770802312766196 0.0000034346770802312766196 0.0000034346770802312766196 
0.0000033609626612478334349 0.0000033609626612478334349 0.0000033609626612478334349 
0.0000032894799013534484824 0.0000032894799013534484824 0.0000032894799013534484824 
0.0000032201612384299025676 0.0000032201612384299025676 0.0000032201612384299025676 
0.0000031529411557609123770 0.0000031529411557609123770 0.0000031529411557609123770 
0.0000030877561201088314156 0.0000030877561201088314156 0.0000030877561201088314156 
0.0000030245445216660466152 0.0000030245445216660466152 0.0000030245445216660466152 
0.0000029632466158243033124 0.0000029632466158243033124 0.0000029632466158243033124 
0.0000029038044667069357587 0.0000029038044667069357587 0.0000029038044667069357587 
0.0000028461618924106176419 0.0000028461618924106176419 0.0000028461618924106176419 
0.0000027902644119048911861 0.0000027902644119048911861 0.0000027902644119048911861 
0.0000027360591935392771191 0.0000027360591935392771191 0.0000027360591935392771191 
0.0000026834950051093009204 0.0000026834950051093009204 0.0000026834950051093009204 
0.0000026325221654342416406 0.0000026325221654342416406 0.0000026325221654342416406 
0.0000025830924974008321731 0.0000025830924974008321731 0.0000025830924974008321731 
0.0000025351592824285349195 0.0000025351592824285349195 0.0000025351592824285349195 
0.0000024886772163133521433 0.0000024886772163133521433 0.0000024886772163133521433 
0.0000024436023664084393901 0.0000024436023664084393901 0.0000024436023664084393901 
0.0000023998921301010490477 0.0000023998921301010490477 0.0000023998921301010490477 
0.0000023575051945465567726 0.0000023575051945465567726 0.0000023575051945465567726 
0.0000023164014976215207951 0.0000023164014976215207951 0.0000023164014976215207951 
0.0000022765421900588599808 0.0000022765421900588599808 0.0000022765421900588599808 
0.0000022378895987293656261 0.0000022378895987293656261 0.0000022378895987293656261 
0.0000022004071910348465874 0.0000022004071910348465874 0.0000022004071910348465874 
0.0000021640595403792458094 0.0000021640595403792458094 0.0000021640595403792458094 
0.0000021288122926851022357 0.0000021288122926851022357 0.0000021288122926851022357 
0.0000020946321339237027878 0.0000020946321339237027878 0.0000020946321339237027878 
0.0000020614867586282419127 0.0000020614867586282419127 0.0000020614867586282419127 
0.0000020293448393602235409 0.0000020293448393602235409 0.0000020293448393602235409 
0.0000019981759971002512736 0.0000019981759971002512736 0.0000019981759971002512736 
0.0000019679507725352165986 0.0000019679507725352165986 0.0000019679507725352165986 
0.0000019386405982147559387 0.0000019386405982147559387 0.0000019386405982147559387 
0.0000019102177715506448188 0.0000019102177715506448188 0.0000019102177715506448188 
0.0000018826554286336266854 0.0000018826554286336266854 0.0000018826554286336266854 
0.0000018559275188429190863 0.0000018559275188429190863 0.0000018559275188429190863 
0.0000018300087802243988617 0.0000018300087802243988617 0.0000018300087802243988617 
0.0000018048747156142019522 0.0000018048747156142019522 0.0000018048747156142019522 
0.0000017805015694851624885 0.0000017805015694851624885 0.0000017805015694851624885 
0.0000017568663054942167503 0.0000017568663054942167503 0.0000017568663054942167503 
0.0000017339465847095400530 0.0000017339465847095400530 0.0000017339465847095400530 
0.0000017117207444968482748 0.0000017117207444968482748 0.0000017117207444968482748 
0.0000016901677780449028440 0.0000016901677780449028440 0.0000016901677780449028440 
0.0000016692673145108663910 0.0000016692673145108663910 0.0000016692673145108663910 
0.0000016489995997667472837 0.0000016489995997667472837 0.0000016489995997667472837 
0.0000016293454777287353921 0.0000016293454777287353921 0.0000016293454777287353921 
0.0000016102863722517764905 0.0000016102863722517764905 0.0000016102863722517764905 
0.0000015918042695722832796 0.0000015918042695722832796 0.0000015918042695722832796 
0.0000015738817012823760999 0.0000015738817012823760999 0.0000015738817012823760999 
0.0000015565017278195732633 0.0000015565017278195732633 0.0000015565017278195732633 
0.0000015396479224563191268 0.0000015396479224563191268 0.0000015396479224563191268 
0.0000015233043557742187232 0.0000015233043557742187232 0.0000015233043557742187232 
0.0000015074555806083064329 0.0000015074555806083064329 0.0000015074555806083064329 
0.0000014920866174471170606 0.0000014920866174471170606 0.0000014920866174471170606 
0.0000014771829402747622090 0.0000014771829402747622090 0.0000014771829402747622090 
0.0000014627304628416273462 0.0000014627304628416273462 0.0000014627304628416273462 
0.0000014487155253507157764 0.0000014487155253507157764 0.0000014487155253507157764 
0.0000014351248815470570494 0.0000014351248815470570494 0.0000014351248815470570494 
0.0000014219456861979725825 0.0000014219456861979725825 0.0000014219456861979725825 
0.0000014091654829523715865 0.0000014091654829523715865 0.0000014091654829523715865 
0.0000013967721925675970330 0.0000013967721925675970330 0.0000013967721925675970330 
0.0000013847541014926988514 0.0000013847541014926988514 0.0000013847541014926988514 
0.0000013730998507973393427 0.0000013730998507973393427 0.0000013730998507973393427 
0.0000013617984254358716493 0.0000013617984254358716493 0.0000013617984254358716493 
0.0000013508391438364391652 0.0000013508391438364391652 0.0000013508391438364391652 
0.0000013402116478052603532 0.0000013402116478052603532 0.0000013402116478052603532 
0.0000013299058927365550249 0.0000013299058927365550249 0.0000013299058927365550249 
0.0000013199121381188584606 0.0000013199121381188584606 0.0000013199121381188584606 
0.0000013102209383287513839 0.0000013102209383287513839 0.0000013102209383287513839 
0.0000013008231337033044332 0.0000013008231337033044332 0.0000013008231337033044332 
0.0000012917098418827983538 0.0000012917098418827983538 0.0000012917098418827983538 
0.0000012828724494155388414 0.0000012828724494155388414 0.0000012828724494155388414 
0.0000012743026036168293387 0.0000012743026036168293387 0.0000012743026036168293387 
0.0000012659922046744100914 0.0000012659922046744100914 0.0000012659922046744100914 
0.0000012579333979928987734 0.0000012579333979928987734 0.0000012579333979928987734 
0.0000012501185667699988075 0.0000012501185667699988075 0.0000012501185667699988075 
0.0000012425403247974591976 0.0000012425403247974591976 0.0000012425403247974591976 
0.0000012351915094799799606 0.0000012351915094799799606 0.0000012351915094799799606 
0.0000012280651750654668903 0.0000012280651750654668903 0.0000012280651750654668903 
0.0000012211545860802352610 0.0000012211545860802352610 0.0000012211545860802352610 
0.0000012144532109629594347 0.0000012144532109629594347 0.0000012144532109629594347 
0.0000012079547158913502052 0.0000012079547158913502052 0.0000012079547158913502052 
0.0000012016529587957265736 0.0000012016529587957265736 0.0000012016529587957265736 
0.0000011955419835538220806 0.0000011955419835538220806 0.0000011955419835538220806 
0.0000011896160143613401005 0.0000011896160143613401005 0.0000011896160143613401005 
0.0000011838694502729374571 0.0000011838694502729374571 0.0000011838694502729374571 
0.0000011782968599084766618 0.0000011782968599084766618 0.0000011782968599084766618 
0.0000011728929763195412323 0.0000011728929763195412323 0.0000011728929763195412323 
0.0000011676526920113675805 0.0000011676526920113675805 0.0000011676526920113675805 
0.0000011625710541154816386 0.0000011625710541154816386 0.0000011625710541154816386 
0.0000011576432597084821254 0.0000011576432597084821254 0.0000011576432597084821254 
0.0000011528646512725455546 0.0000011528646512725455546 0.0000011528646512725455546 
0.0000011482307122933608559 0.0000011482307122933608559 0.0000011482307122933608559 
0.0000011437370629913334069 0.0000011437370629913334069 0.0000011437370629913334069 
0.0000011393794561820261771 0.0000011393794561820261771 0.0000011393794561820261771 
0.0000011351537732619202413 0.0000011351537732619202413 0.0000011351537732619202413 
0.0000011310560203157080060 0.0000011310560203157080060 0.0000011310560203157080060 
0.0000011270823243414322225 0.0000011270823243414322225 0.0000011270823243414322225 
0.0000011232289295899079561 0.0000011232289295899079561 0.0000011232289295899079561 
0.0000011194921940149678056 0.0000011194921940149678056 0.0000011194921940149678056 
0.0000011158685858311704037 0.0000011158685858311704037 0.0000011158685858311704037 
0.0000011123546801757263693 0.0000011123546801757263693 0.0000011123546801757263693 
0.0000011089471558714778320 0.0000011089471558714778320 0.0000011089471558714778320 
0.0000011056427922878811500 0.0000011056427922878811500 0.0000011056427922878811500 
0.0000011024384662970182551 0.0000011024384662970182551 0.0000011024384662970182551 
0.0000010993311493217651818 0.0000010993311493217651818 0.0000010993311493217651818 
0.0000010963179044733229965 0.0000010963179044733229965 0.0000010963179044733229965 
0.0000010933958837754107842 0.0000010933958837754107842 0.0000010933958837754107842 
0.0000010905623254724931985 0.0000010905623254724931985 0.0000010905623254724931985 
0.0000010878145514194997799 0.0000010878145514194997799 0.0000010878145514194997799 
0.0000010851499645505688491 0.0000010851499645505688491 0.0000010851499645505688491 
0.0000010825660464244243760 0.0000010825660464244243760 0.0000010825660464244243760 
0.0000010800603548440647436 0.0000010800603548440647436 0.0000010800603548440647436 
0.0000010776305215485126287 0.0000010776305215485126287 0.0000010776305215485126287 
0.0000010752742499744486995 0.0000010752742499744486995 0.0000010752742499744486995 
0.0000010729893130856073147 0.0000010729893130856073147 0.0000010729893130856073147 
0.0000010707735512678880026 0.0000010707735512678880026 0.0000010707735512678880026 
0.0000010686248702881904997 0.0000010686248702881904997 0.0000010686248702881904997 
0.0000010665412393150448665 0.0000010665412393150448665 0.0000010665412393150448665 
0.0000010645206889991651601 0.0000010645206889991651601 0.0000010645206889991651601 
0.0000010625613096121148614 0.0000010625613096121148614 0.0000010625613096121148614 
0.0000010606612492413211697 0.0000010606612492413211697 0.0000010606612492413211697 
0.0000010588187120397352030 0.0000010588187120397352030 0.0000010588187120397352030 
0.0000010570319565284827926 0.0000010570319565284827926 0.0000010570319565284827926 
0.0000010552992939509007425 0.0000010552992939509007425 0.0000010552992939509007425 
0.0000010536190866764038252 0.0000010536190866764038252 0.0000010536190866764038252 
0.0000010519897466526745842 0.0000010519897466526745842 0.0000010519897466526745842 
0.0000010504097339047114223 0.0000010504097339047114223 0.0000010504097339047114223 
0.0000010488775550793164075 0.0000010488775550793164075 0.0000010488775550793164075 
0.0000010473917620336497567 0.0000010473917620336497567 0.0000010473917620336497567 
0.0000010459509504665124722 0.0000010459509504665124722 0.0000010459509504665124722 
0.0000010445537585910687953 0.0000010445537585910687953 0.0000010445537585910687953 
0.0000010431988658477485144 0.0000010431988658477485144 0.0000010431988658477485144 
0.0000010418849916561178709 0.0000010418849916561178709 0.0000010418849916561178709 
0.0000010406108942045342758 0.0000010406108942045342758 0.0000010406108942045342758 
0.0000010393753692764457887 0.0000010393753692764457887 0.0000010393753692764457887 
0.0000010381772491122223589 0.0000010381772491122223589 0.0000010381772491122223589 
0.0000010370154013054447899 0.0000010370154013054447899 0.0000010370154013054447899 
0.0000010358887277326074597 0.0000010358887277326074597 0.0000010358887277326074597 
0.0000010347961635152247104 0.0000010347961635152247104 0.0000010347961635152247104 
0.0000010337366760133572893 0.0000010337366760133572893 0.0000010337366760133572893 
0.0000010327092638496108002 0.0000010327092638496108002 0.0000010327092638496108002 
0.0000010317129559626809934 0.0000010317129559626809934 0.0000010317129559626809934 
0.0000010307468106895520629 0.0000010307468106895520629 0.0000010307468106895520629 
0.0000010298099148754824947 0.0000010298099148754824947 0.0000010298099148754824947 
0.0000010289013830109333384 0.0000010289013830109333384 0.0000010289013830109333384 
0.0000010280203563946268111 0.0000010280203563946268111 0.0000010280203563946268111 
0.0000010271660023219434672 0.0000010271660023219434672 0.0000010271660023219434672 
0.0000010263375132978879833 0.0000010263375132978879833 0.0000010263375132978879833 
0.0000010255341062738836738 0.0000010255341062738836738 0.0000010255341062738836738 
0.0000010247550219076723703 0.0000010247550219076723703 0.0000010247550219076723703 
0.0000010239995238456191709 0.0000010239995238456191709 0.0000010239995238456191709 
0.0000010232668980267471837 0.0000010232668980267471837 0.0000010232668980267471837 
0.0000010225564520078398853 0.0000010225564520078398853 0.0000010225564520078398853 
0.0000010218675143089768794 0.0000010218675143089768794 0.0000010218675143089768794 
0.0000010211994337788832375 0.0000010211994337788832375 0.0000010211994337788832375 
0.0000010205515789794912414 0.0000010205515789794912414 0.0000010205515789794912414 
0.0000010199233375891366390 0.0000010199233375891366390 0.0000010199233375891366390 
0.0000010193141158238191472 0.0000010193141158238191472 0.0000010193141158238191472 
0.0000010187233378759876445 0.0000010187233378759876445 0.0000010187233378759876445 
0.0000010181504453703136669 0.0000010181504453703136669 0.0000010181504453703136669 
0.0000010175948968359409655 0.0000010175948968359409655 0.0000010175948968359409655 
0.0000010170561671947134941 0.0000010170561671947134941 0.0000010170561671947134941 
0.0000010165337472648962640 0.0000010165337472648962640 0.0000010165337472648962640 
0.0000010160271432799206578 0.0000010160271432799206578 0.0000010160271432799206578 
0.0000010155358764217001923 0.0000010155358764217001923 0.0000010155358764217001923 
0.0000010150594823680737321 0.0000010150594823680737321 0.0000010150594823680737321 
0.0000010145975108539503078 0.0000010145975108539503078 0.0000010145975108539503078 
0.0000010141495252457407052 0.0000010141495252457407052 0.0000010141495252457407052 
0.0000010137151021286707314 0.0000010137151021286707314 0.0000010137151021286707314 
0.0000010132938309065905465 0.0000010132938309065905465 0.0000010132938309065905465 
0.0000010128853134138984716 0.0000010128853134138984716 0.0000010128853134138984716 
0.0000010124891635392135678 0.0000010124891635392135678 0.0000010124891635392135678 
0.0000010121050068604414436 0.0000010121050068604414436 0.0000010121050068604414436 
0.0000010117324802908885484 0.0000010117324802908885484 0.0000010117324802908885484 
0.0000010113712317360893146 0.0000010113712317360893146 0.0000010113712317360893146 
0.0000010110209197610236418 0.0000010110209197610236418 0.0000010110209197610236418 
0.0000010106812132674085671 0.0000010106812132674085671 0.0000010106812132674085671 
0.0000010103517911807594014 0.0000010103517911807594014 0.0000010103517911807594014 
0.0000010100323421469259886 0.0000010100323421469259886 0.0000010100323421469259886 
0.0000010097225642378152482 0.0000010097225642378152482 0.0000010097225642378152482 
0.0000010094221646660230225 0.0000010094221646660230225 0.0000010094221646660230225 
0.0000010091308595081050251 0.0000010091308595081050251 0.0000010091308595081050251 
0.0000010088483734362262147 0.0000010088483734362262147 0.0000010088483734362262147 
0.0000010085744394579344861 0.0000010085744394579344861 0.0000010085744394579344861 
0.0000010083087986638102856 0.0000010083087986638102856 0.0000010083087986638102856 
0.0000010080511999827600629 0.0000010080511999827600629 0.0000010080511999827600629 
0.0000010078013999447138495 0.0000010078013999447138495 0.0000010078013999447138495 
0.0000010075591624505094895 0.0000010075591624505094895 0.0000010075591624505094895 
0.0000010073242585487435026 0.0000010073242585487435026 0.0000010073242585487435026 
0.0000010070964662193761900 0.0000010070964662193761900 0.0000010070964662193761900 
0.0000010068755701638895970 0.0000010068755701638895970 0.0000010068755701638895970 
0.0000010066613616017963184 0.0000010066613616017963184 0.0000010066613616017963184 
0.0000010064536380733117381 0.0000010064536380733117381 0.0000010064536380733117381 
0.0000010062522032479976398 0.0000010062522032479976398 0.0000010062522032479976398 
0.0000010060568667391993109 0.0000010060568667391993109 0.0000010060568667391993109 
0.0000010058674439241031340 0.0000010058674439241031340 0.0000010058674439241031340 
0.0000010056837557692378470 0.0000010056837557692378470 0.0000010056837557692378470 
0.0000010055056286612615007 0.0000010055056286612615007 0.0000010055056286612615007 
0.0000010053328942428702128 0.0000010053328942428702128 0.0000010053328942428702128 
0.0000010051653892536747702 0.0000010051653892536747702 0.0000010051653892536747702 
0.0000010050029553758949431 0.0000010050029553758949431 0.0000010050029553758949431 
0.0000010048454390847247618 0.0000010048454390847247618 0.0000010048454390847247618 
0.0000010046926915032277263 0.0000010046926915032277263 0.0000010046926915032277263 
0.0000010045445682616262107 0.0000010045445682616262107 0.0000010045445682616262107 
0.0000010044009293608495375 0.0000010044009293608495375 0.0000010044009293608495375 
0.0000010042616390402132437 0.0000010042616390402132437 0.0000010042616390402132437 
0.0000010041265656491052357 0.0000010041265656491052357 0.0000010041265656491052357 
0.0000010039955815225549553 0.0000010039955815225549553 0.0000010039955815225549553 
0.0000010038685628605716309 0.0000010038685628605716309 0.0000010038685628605716309 
0.0000010037453896111330281 0.0000010037453896111330281 0.0000010037453896111330281 
0.0000010036259453567192459 0.0000010036259453567192459 0.0000010036259453567192459 
0.0000010035101172042795364 0.0000010035101172042795364 0.0000010035101172042795364 
0.0000010033977956785311415 0.0000010033977956785311415 0.0000010033977956785311415 
0.0000010032888746184895593 0.0000010032888746184895593 0.0000010032888746184895593 
0.0000010031832510771285978 0.0000010031832510771285978 0.0000010031832510771285978 
0.0000010030808252240806417 0.0000010030808252240806417 0.0000010030808252240806417 
0.0000010029815002512820518 0.0000010029815002512820518 0.0000010029815002512820518 
0.0000010028851822814739141 0.0000010028851822814739141 0.0000010028851822814739141 
0.0000010027917802794738555 0.0000010027917802794738555 0.0000010027917802794738555 
0.0000010027012059661348612 0.0000010027012059661348612 0.0000010027012059661348612 
0.0000010026133737349063876 0.0000010026133737349063876 0.0000010026133737349063876 
0.0000010025282005709247173 0.0000010025282005709247173 0.0000010025282005709247173 
0.0000010024456059725503906 0.0000010024456059725503906 0.0000010024456059725503906 
0.0000010023655118752815657 0.0000010023655118752815657 0.0000010023655118752815657 
0.0000010022878425779721547 0.0000010022878425779721547 0.0000010022878425779721547 
0.0000010022125246712814685 0.0000010022125246712814685 0.0000010022125246712814685 
0.0000010021394869682926891 0.0000010021394869682926891 0.0000010021394869682926891 
0.0000010020686604372288075 0.0000010020686604372288075 0.0000010020686604372288075 
0.0000010019999781362080053 0.0000010019999781362080053 0.0000010019999781362080053 
0.0000010019333751499732578 0.0000010019333751499732578 0.0000010019333751499732578 
0.0000010018687885285370792 0.0000010018687885285370792 0.0000010018687885285370792 
0.0000010018061572276846578 0.0000010018061572276846578 0.0000010018061572276846578 
0.0000010017454220512773596 0.0000010017454220512773596 0.0000010017454220512773596 
0.0000010016865255953042967 0.0000010016865255953042967 0.0000010016865255953042967 
0.0000010016294121936247844 0.0000010016294121936247844 0.0000010016294121936247844 
0.0000010015740278653576426 0.0000010015740278653576426 0.0000010015740278653576426 
0.0000010015203202638595314 0.0000010015203202638595314 0.0000010015203202638595314 
0.0000010014682386272497560 0.0000010014682386272497560 0.0000010014682386272497560 
0.0000010014177337304326270 0.0000010014177337304326270 0.0000010014177337304326270 
0.0000010013687578385724813 0.0000010013687578385724813 0.0000010013687578385724813 
0.0000010013212646619766845 0.0000010013212646619766845 0.0000010013212646619766845 
0.0000010012752093123442609 0.0000010012752093123442609 0.0000010012752093123442609 
0.0000010012305482603409783 0.0000010012305482603409783 0.0000010012305482603409783 
0.0000010011872392944557812 0.0000010011872392944557812 0.0000010011872392944557812 
0.0000010011452414811063858 0.0000010011452414811063858 0.0000010011452414811063858 
0.0000010011045151259487213 0.0000010011045151259487213 0.0000010011045151259487213 
0.0000010010650217363616285 0.0000010010650217363616285 0.0000010010650217363616285 
0.0000010010267239850640420 0.0000010010267239850640420 0.0000010010267239850640420 
0.0000010009895856748358561 0.0000010009895856748358561 0.0000010009895856748358561 
0.0000010009535717043056289 0.0000010009535717043056289 0.0000010009535717043056289 
0.0000010009186480347744194 0.0000010009186480347744194 0.0000010009186480347744194 
0.0000010008847816580444169 0.0000010008847816580444169 0.0000010008847816580444169 
0.0000010008519405652206008 0.0000010008519405652206008 0.0000010008519405652206008 
0.0000010008200937164581111 0.0000010008200937164581111 0.0000010008200937164581111 
0.0000010007892110116239921 0.0000010007892110116239921 0.0000010007892110116239921 
0.0000010007592632618485320 0.0000010007592632618485320 0.0000010007592632618485320 
0.0000010007302221619376114 0.0000010007302221619376114 0.0000010007302221619376114 
0.0000010007020602636195915 0.0000010007020602636195915 0.0000010007020602636195915 
0.0000010006747509496017536 0.0000010006747509496017536 0.0000010006747509496017536 
0.0000010006482684084146908 0.0000010006482684084146908 0.0000010006482684084146908 
0.0000010006225876100150069 0.0000010006225876100150069 0.0000010006225876100150069 
0.0000010005976842821287442 0.0000010005976842821287442 0.0000010005976842821287442 
0.0000010005735348873097085 0.0000010005735348873097085 0.0000010005735348873097085 
0.0000010005501166006944778 0.0000010005501166006944778 0.0000010005501166006944778 
0.0000010005274072884278381 0.0000010005274072884278381 0.0000010005274072884278381 
0.0000010005053854867433985 0.0000010005053854867433985 0.0000010005053854867433985 
0.0000010004840303816777877 0.0000010004840303816777877 0.0000010004840303816777877 
0.0000010004633217893970434 0.0000010004633217893970434 0.0000010004633217893970434 
0.0000010004432401371212182 0.0000010004432401371212182 0.0000010004432401371212182 
0.0000010004237664446236979 0.0000010004237664446236979 0.0000010004237664446236979 
0.0000010004048823062929495 0.0000010004048823062929495 0.0000010004048823062929495 
0.0000010003865698737359469 0.0000010003865698737359469 0.0000010003865698737359469 
0.0000010003688118389088742 0.0000010003688118389088742 0.0000010003688118389088742 
0.0000010003515914177588021 0.0000010003515914177588021 0.0000010003515914177588021 
0.0000010003348923343593960 0.0000010003348923343593960 0.0000010003348923343593960 
0.0000010003186988055277391 0.0000010003186988055277391 0.0000010003186988055277391 
0.0000010003029955259080817 0.0000010003029955259080817 0.0000010003029955259080817 
0.0000010002877676535040955 0.0000010002877676535040955 0.0000010002877676535040955 
0.0000010002730007956522195 0.0000010002730007956522195 0.0000010002730007956522195 
0.0000010002586809954183106 0.0000010002586809954183106 0.0000010002586809954183106 
0.0000010002447947184051061 0.0000010002447947184051061 0.0000010002447947184051061 
0.0000010002313288399616022 0.0000010002313288399616022 0.0000010002313288399616022 
0.0000010002182706327776211 0.0000010002182706327776211 0.0000010002182706327776211 
0.0000010002056077548540377 0.0000010002056077548540377 0.0000010002056077548540377 
0.0000010001933282378387124 0.0000010001933282378387124 0.0000010001933282378387124 
0.0000010001814204757139420 0.0000010001814204757139420 0.0000010001814204757139420 
0.0000010001698732138271722 0.0000010001698732138271722 0.0000010001698732138271722 
0.0000010001586755382531099 0.0000010001586755382531099 0.0000010001586755382531099 
0.0000010001478168654796153 0.0000010001478168654796153 0.0000010001478168654796153 
0.0000010001372869324033957 0.0000010001372869324033957 0.0000010001372869324033957 
0.0000010001270757866308427 0.0000010001270757866308427 0.0000010001270757866308427 
0.0000010001171737770704613 0.0000010001171737770704613 0.0000010001171737770704613 
0.0000010001075715448120185 0.0000010001075715448120185 0.0000010001075715448120185 
0.0000010000982600142805551 0.0000010000982600142805551 0.0000010000982600142805551 
0.0000010000892303846582713 0.0000010000892303846582713 0.0000010000892303846582713 
0.0000010000804741215672982 0.0000010000804741215672982 0.0000010000804741215672982 
0.0000010000719829490023444 0.0000010000719829490023444 0.0000010000719829490023444 
0.0000010000637488415096174 0.0000010000637488415096174 0.0000010000637488415096174 
0.0000010000557640166007962 0.0000010000557640166007962 0.0000010000557640166007962 
0.0000010000480209273973974 0.0000010000480209273973974 0.0000010000480209273973974 
0.0000010000405122554983345 0.0000010000405122554983345 0.0000010000405122554983345 
0.0000010000332309040628345 0.0000010000332309040628345 0.0000010000332309040628345 
0.0000010000261699911025727 0.0000010000261699911025727 0.0000010000261699911025727 
0.0000010000193228429768832 0.0000010000193228429768832 0.0000010000193228429768832 
0.0000010000126829880857512 0.0000010000126829880857512 0.0000010000126829880857512 
0.0000010000062441507529648 0.0000010000062441507529648 0.0000010000062441507529648 
0.0000010000000002452945553 0.0000010000000002452945553 0.0000010000000002452945553 
