x y z energy
0.33417656979368004500 -0.065079310175495619362 -1.3811846213674039419 3.9995932061475358843 
0.49478143183377776282 1.4524402641154581239 0.93018460379197076549 3.8114239640644247409 
0.40910942219286061672 -0.37448355502144115015 -0.26757986622496621187 3.9905785049777766638 
0.16726579542579411708 -1.8491945310430570881 -0.39178192302025854898 3.9996140474673955723 
-1.5266458913318601276 0.16410935293178607886 1.0297988018065979965 3.9991190396442086730 
-1.7382903992496081536 0.17432918172993483452 -0.44487630773215935953 3.9994024966246017883 
0.43972576722033895891 -1.4830951113036181521 -0.78613092038137644124 3.9997300822805632592 
-0.90130589410094819058 1.1592645467673996507 -0.22922577823442624734 3.9969890839448711795 
-0.60322216792556293541 0.71972267588259053461 -0.67132824609438901398 3.9973981285354214243 
-1.1180861724419908221 -1.4039709674937717043 -0.094886171149281328674 3.9398530307256338645 
-0.40063388708704605889 0.67439035447887230035 -0.28767286517276136060 3.9858803752991880387 
1.9067894973119172697 -0.17804581651852469104 -0.13540728277350388975 3.9980295140863835179 
-0.90729864684232452987 -0.14248579938403338474 0.44098873429222074094 3.9942114864267757035 
0.55744595090487703004 1.8493214136529818603 0.46782300871572191081 3.9667820828502824426 
0.67148223864695921748 0.22061747920558039127 -1.3894411246365525603 3.9994994162725108211 
-1.1811288076365045185 -0.30398546708704610175 -1.3302068190877340825 3.9972154141609466116 
1.7514924768301685098 -0.60774563719216900815 0.10691306307323877878 3.9982820933461651336 
-1.2468995816809020916 0.96761233047976147326 0.51993259868823127334 3.9968803845950171549 
0.13210222824558615073 1.9667821787593744443 0.24339088754858045904 3.9869725066078802733 
1.5435597553984612418 -0.86374805054146219785 -0.84751367578905090205 3.9998178005279130254 
-1.4916894564106484289 0.92221458080190332751 -0.81077857712840728510 3.9998516881800938449 
1.1625948626350499637 -1.5061620632275398712 -0.39630934540615148087 3.9998729124654488487 
-0.54550392937395475457 0.12293115803745813253 -1.3031737235235649752 3.9994221978187756150 
-0.98771877367948546222 -0.44423786925306396611 -0.27974499730152846411 3.9439808252127646071 
1.1635395837034487876 -1.1484771912248006309 -1.0513986531415575598 3.9999151356619320197 
-1.9574977705066021194 0.13722557635933974041 -0.25268960600090439872 3.9996916488007361323 
-0.70355844923485300058 -0.50217834823969731417 -1.4278036178887405505 3.9971230741507173256 
-0.44653980646055213555 -0.53539839592095694876 1.3227488619695417782 3.9943608934349459361 
0.094625461184805637060 -1.9473046841454877409 0.054840457616401772079 3.9997582061823693245 
-0.38331121257132005908 0.89210738552797219647 -1.7077536221142854966 3.9999046851541257830 
-0.12778607230692440311 1.7753057778040204351 0.076671520977286355958 3.9873955504537494932 
-1.6849051646131822935 0.34174636818698811425 0.41377844910000627365 3.9994501583937993594 
-1.7939793437494411243 0.32262086861548999739 -0.30244255896069971445 3.9996871729773171289 
0.25193435283042964201 -1.1290729138999209269 1.3712294576056778261 3.9982373636336379086 
1.9657094384462330261 -0.072290619076182227598 -0.014293797524034423940 3.9975157980230275889 
1.4079406729915695529 0.27127587994567514684 1.3839213792732192321 3.9616031097982680187 
-1.2775229582536598016 -0.016398320412049249839 0.18073772695592715820 3.9974688265879332327 
-1.3104440218211399483 0.39425251910408198874 -0.45282447286271487741 3.9990720677166100572 
1.7508612729202610581 0.57238743803646818797 0.60432237618458084505 3.9753668472309384718 
-0.94278314593004974853 -0.81943102937127243468 -0.28736603737383048518 3.6374448011063078567 
1.7814756416838735120 -0.27864515606575357420 0.26733127845203474848 3.9955115026709782100 
0.093355009484119566565 1.0909155210478542752 -1.6531998929364999373 3.9998301966989870948 
-1.2906690389863015866 -0.85830949516448962200 0.57206429528469682211 3.9972955856687497622 
0.21661756029522027944 1.6034876600664977886 -0.82639085551360236259 3.9978482762584159893 
-1.9954299992978414835 -0.13399479647034545637 0.010239433107118230126 3.9995204784879114790 
0.61545291455990103202 1.3687292777857462678 -0.19919909540932345671 3.9680998900428217091 
-0.96535948632966084304 1.3319045190270606405 0.72202166719870009004 3.9932922112745754539 
1.0970966121994405462 0.95018751595605510651 -0.033729389097150841437 3.9413386909163072858 
1.8270522025840540969 0.092644815432165850133 -0.18634189990333227538 3.9965161815711036652 
-0.67375143062165543384 -0.76123211655500822026 -0.22754596967736939739 3.8919116256481927074 
0.46055650275841397701 -1.6425975044483671628 -0.49679391070312850509 3.9997718283369971815 
0.51602738346529486435 0.50125423353027431794 -0.050980076115986872054 3.8787354522484536190 
0.16087449384926832963 -1.5683297295713907182 0.44590641643316653031 3.9994938759712166387 
-0.68884483246770589204 -1.2781663171966710646 0.88108510658807626115 3.9992627298954621651 
-1.7917352390168921339 0.18051838346581161598 -0.57875412263600556351 3.9995356900333809413 
-0.71575002648841001829 0.41845363978588823173 -1.5954400792880540916 3.9998813550913090431 
-1.2412428340073442534 0.71152388858909110247 0.33354982758284013045 3.9970254476568398694 
0.92363098759443529318 1.0769140160469763412 0.52247543964250775517 3.6798384495428577701 
-0.99601332352632043765 -1.4462793634832682432 0.16475624543845046599 3.9835229550292687861 
-1.2510829785773225353 0.74649603724101232238 0.91155049363548590335 3.9964256603362215969 
0.94927519150825068195 0.30436353066325638750 -0.74914613847429101234 3.9947869992189675159 
0.080858788489384991749 -0.022426783262915694905 1.9141781201984042760 3.9847561593019911186 
0.76820438188194950513 -1.2406383339693871637 0.10720388506910083493 3.9989931866908934310 
1.9792482418518129172 0.14640389249116964043 0.097064717590980342798 3.9960297192072755657 
1.9134820450548128967 -0.14851033457504370094 -0.19706142538391130392 3.9982006821787119399 
1.6034534772983857209 -0.94885319528393297084 0.046738665264745571370 3.9991767237578539351 
1.9968114246203345630 -0.080267718942028942752 0.0065980280869584045922 3.9976986577984336968 
1.1451495920837828635 -1.3850054671389910865 -0.81673159455408261831 3.9999198461705760543 
1.0083684953878813140 0.98027898208687758164 0.37562138730089378313 3.7746431083180969068 
-0.045257909667321349900 -0.0082012926159689136796 0.25672150151052064437 3.9388762590698376265 
1.0244882346153616481 -1.2869652175003427619 -0.14798900218757227165 3.9995237914111076982 
1.6531856441779662070 -0.84509737314421595755 -0.24416972405811088187 3.9993787101056570421 
-0.31991183891973440367 -1.6713158020892022737 -0.48675807635556056496 3.9934824798913921562 
0.51602471117148640545 -0.36950100705063859685 0.62821320099048794106 3.9474911186769872096 
-0.46292197694979408951 -1.1113554484554275525 0.23998381616923447623 3.9912319783171414933 
-0.99903324609796584355 0.31661603360710999233 0.94490530871087718978 3.9919967116942260965 
1.6737465633456274361 -0.69340838981696872878 0.29300494403753085670 3.9979256641786058424 
0.72183159917688888285 0.97170514037339139612 -0.81585721433615765452 3.9946336825624313427 
1.8028179120087410858 0.46117017976394614198 0.030475788243793711096 3.9912707424793478772 
-1.8351501135485053240 -0.48423563791276930113 0.40273099407465440258 3.9992296620564977694 
1.1751441340125654555 0.14653346676285061712 -0.73502740391260323882 3.9965766976309189396 
-1.2984437677077815820 0.18759094594721292815 0.77389735785923674527 3.9976950311027672491 
1.1908406203036121518 -0.80720983680135116600 1.3101318443877203457 3.9961221626968890241 
1.9800629864997403295 -0.092119157097979464943 -0.25072445739819659849 3.9985488129873338892 
-1.6110739217067928664 0.52645901032224418081 -0.11502503511210848686 3.9995280472084862033 
-1.2641802591306432468 -1.3462528857703466301 0.12555267927974089748 3.9792961383665876873 
1.8093682836608278031 -0.70620155658616412531 -0.17968965160130256908 3.9992831621036657452 
1.7671893402153271424 -0.70360410295736830477 0.43669919227085562952 3.9981928486122244593 
0.24765822725442410146 1.2511345336829835517 -0.87593360626862737384 3.9967927352784240469 
-0.53137307533934929893 0.35484929214668037289 1.2264082313117063983 3.9626124016787169779 
-1.2512240417521298674 -1.3723858411899649834 0.52549787619659527049 3.9975074249645796698 
-1.0277236843376797992 0.93690857634289947953 0.59514211589078347409 3.9921817006339495038 
1.4820696745387507143 -1.2024511037101552891 -0.35582597296109608198 3.9997619977776768252 
-1.3118823319491204060 0.84435573864527846411 -0.79486095498902131773 3.9997247708692036383 
1.4829063660225854093 -1.0018718188895969767 -0.69426160664363756325 3.9997936668149289829 
-1.7462578965004404985 -0.93704086233148842222 -0.10612014878802675244 3.9874897808536791111 
1.9183378605153378338 -0.026920932704574629390 0.051276792045601538028 3.9965077316748982561 
-1.5931173626546346611 0.16521895999367841590 1.1411024920864312193 3.9993583692360910042 
1.8301480444732889374 0.43258039387335367465 0.028120814664018278783 3.9922305457414846153 
1.3438799177064129076 0.17632997308872422337 -1.2319505864624655800 3.9995287283677898316 
0.96254088947306248869 -1.7194865648519745971 0.15114518985791913774 3.9998457745237199212 
1.2603914357239625055 1.3113805784563030699 0.55933602184546027392 3.9281703422272298276 
0.10403294901411008766 -0.17593187860821735136 -0.71140757471858129257 3.9964398841707122756 
0.32618030112267737408 0.92737630475093202342 -1.6610359281361697370 3.9998010824528185125 
0.69069190204860797522 -1.5214645254530516638 -0.97544944728456028926 3.9999215880361052022 
-0.41900387683023154750 0.0092614213755026764119 0.16751807262377971242 3.9783441796139338287 
1.4121143544681511450 -0.54257974264920183494 1.1255609257693790504 3.9926670563860824359 
-1.6665195549535178898 0.89560219091422932358 0.48859583557111330165 3.9993881045933759033 
-0.82450006993023450264 -0.93451889201766513704 1.3264627342872374882 3.9992836959296149679 
-0.27705188759079524274 -1.3963458616984749661 -0.78384452315212616025 3.9892421231049297603 
-0.54522155968249697011 1.4417150982985373897 1.1991475994946279027 3.9813735126667388897 
-0.12065776267072481076 1.5721224538114972891 1.1390687054431516412 3.9551793352974145002 
-0.98132937102219663927 -0.92365654559511345401 -0.36079697585316883313 3.2333664791948395489 
1.8990641641151686514 0.43421243936968523247 -0.081945425968336205180 3.9950776762296351663 
1.6913460788216090336 -0.052911251983861928849 -0.67395202660492370406 3.9988532403450163244 
-1.7003045581194635716 -0.62570077841284321707 -0.077271856382020498444 3.9908664761254146747 
-1.4626986638643706407 0.29701159354706807569 0.55149854365479744622 3.9986951983303109515 
0.94014735671953975071 1.0873656337953723217 0.90324194421331260862 3.6303144902546198303 
1.1413537518633751766 0.91276745233921152689 1.1567321985595653278 3.8117795522568789224 
1.9479305203138874703 -0.33219002480990056370 0.21173460852381376096 3.9977695103831822898 
0.56589409880645602513 1.4258349198573065930 -0.77004560314856762560 3.9960637643100818117 
1.1570394637812593253 -0.40446405849133970634 -0.94924264122526791354 3.9993194971525891646 
0.48313148403999850444 1.0233226198981995037 1.2308290778997987847 3.5367040686520199166 
-0.35092301204834663864 -1.1136722143649828709 -1.4585922048743558133 3.9981155498089924194 
0.40770953504739004813 -0.17850122079703556466 -0.38544258953044807647 3.9890780949945616740 
-1.8432942186169025689 0.62268339147903584152 -0.16570436014390599322 3.9998139130821841469 
-0.81423826667965171211 1.6178372393741886626 0.46476323780021144838 3.9942837979425651618 
-0.41658842804737572507 0.26746662199923187941 -0.57372817645186668933 3.9952131995482362825 
-1.1969060719506399160 0.12375521877642325919 -0.12571892453480892904 3.9972597291005862452 
-1.9837395405556965677 -0.12188575553688243969 -0.035565229575505008519 3.9994771768985821758 
-0.56695167116390710049 -1.1860917995548854176 0.67089022056279379314 3.9982942838186583678 
-0.64222451912657341211 -0.70040277635779935039 1.4594444692202670488 3.9981680610379801699 
0.17333699277177183617 -0.14471192096743035194 1.8414798917191543826 3.9839887157968472131 
1.5560439724738888145 0.82505651753219066968 -0.24927165364873726805 3.9898414616236816954 
-0.19455175920501499576 1.3069695332945170385 0.19920211568237489175 3.9510480958280784769 
-1.6508638321894988366 -0.058268346672357029803 -1.0467862703243953071 3.9989789743064068084 
0.46204734198008479140 -0.52080272517572834268 -0.022092298132425414181 3.9887960180439967495 
-0.64940417439182418491 -0.90960234168560738510 -0.15353474654452559101 3.9004830144049105201 
-0.044103538673437636675 -0.47568642511018954799 -1.1526949842900733323 3.9986831589778986107 
-1.1865587533927386410 0.56443064211721405421 -0.87537245585371870060 3.9995874151212267300 
-0.68514261813321519767 1.0555893614994416030 0.53946064021931894317 3.9745622735260504044 
-0.11167193906400640913 0.34952691372013866555 -1.4698753023023303221 3.9996781868410677951 
0.68036667034933406839 -0.65643006012395943571 0.16787567039036344063 3.9903391398804957113 
1.2486342892871213905 -0.16390103607157535670 -0.30704036869719253389 3.9931180407758151141 
1.4226172967984540563 0.24824195890600475600 1.3718622958347270746 3.9637245608540201403 
0.77921756822929078012 0.32717808880230858648 -1.3615052348212768329 3.9994220552967925109 
-0.73849883322392839702 1.7148670438670197136 0.58493924272743491599 3.9937551752158433338 
-1.5218681849387976079 0.012646631440726530116 -1.1110261855656649033 3.9991019466347106359 
-1.3253107314846990228 1.1616711797217169622 -0.83241866532835573356 3.9998089770100397899 
0.10815208851070989837 0.27943469078219607127 0.18548791036969336510 3.8618299052963531715 
0.34825874502197473603 0.81783816812829401854 -0.55005983361880050886 3.9828919174824988225 
0.42572106733530334921 -1.5446399365689722494 0.73410555329987303708 3.9994847043819872212 
1.5592023738345397454 -0.79656041913900654805 -0.59444685760760240800 3.9996010473023568821 
0.083494105356732184475 -1.4920004638065651470 -0.35651470799947193591 3.9983218180740824899 
-0.74042965232035706791 -1.2442224900143921129 0.55061728534419551728 3.9970552314062266497 
-0.70950306758596370926 1.1786818649620505184 -1.1796772114472942050 3.9996910362976145770 
0.27588718167131442982 1.1371398319148890987 0.00098609206985789121802 3.9060958677185766419 
-0.40104968842144250729 1.7344887217811757463 -0.049304025623746250417 3.9937030091044691815 
0.014373811759174959235 1.5913578814688256191 1.1074233194906641931 3.9425065141252506606 
0.060341187126546014241 -1.3084015048763770750 -0.89605358066936102723 3.9981521090567779808 
1.8795241992448414869 -0.45435751919284766975 0.41347196095260152493 3.9974536150607344887 
-1.4696063241185983728 1.3454579939495483476 -0.051068617102767485671 3.9994865337755975965 
0.30152937054979478404 1.5786504510601810924 -1.1211270296711661754 3.9991756882394700057 
1.5414256273047644008 0.99054164118661724991 0.79628770777544588544 3.9470554179690475749 
-0.99844717006187355679 -1.4241045618304113418 0.46255962532311467594 3.9962561241560257130 
1.6272924008151279374 0.48629650583514871798 0.46504662312848910055 3.9664511626149292489 
0.40223705159428657652 -1.3032766888543521056 -0.56205208472419609933 3.9993919393927415129 
0.59035314920250359094 -0.50659106109321760947 0.020064078909445282051 3.9873162885306343561 
0.061541501086791683406 -0.35507147384348058949 1.3235398922624055373 3.9737665829638713078 
0.83567694016094717924 1.1701025385994583417 -0.048394289227126519037 3.9340731715344823272 
-1.7671877694322088992 -0.36052369490327396129 0.077672926666022545916 3.9979103858951532402 
0.031690192735620126285 -0.73064283902667481740 -0.17195925835906167300 3.9944370778568369929 
-1.4166031476496399044 -0.73933028833251990264 0.16858314219403602863 3.9860347069744026527 
-1.8270330627954742830 -0.77142991113566239392 -0.027793871019124588573 3.9943494397341412494 
0.15986026781390272333 -1.2374862084782409788 -0.0041381983801451749372 3.9982821922698636996 
0.88505369032046665723 -1.7285687938621059345 0.33860515528887807912 3.9998157400767322400 
0.24362920342068417057 0.64253442036934571568 -1.7573482639084250234 3.9998621658193491690 
-1.9901498049367893906 -0.15436890124181301687 0.11691375001697017211 3.9995726623781422404 
1.2546134915965261314 -0.11527554194525624354 -1.4686528394271347597 3.9998360478911179072 
0.97437432704690296603 -1.6538065715101668562 0.38297256375604060707 3.9997638369472934272 
0.27541801159237166985 -0.052063115149426186790 0.45870102553684555247 3.8695779483450083447 
-0.55136125993372209209 0.51639701766817736051 0.90962875203880289021 3.9452593117459580085 
1.7427231877355842116 -0.16330506913847808725 0.22607290124148560206 3.9938240317026298953 
1.3585728520283955056 1.1467441360517451887 0.11863143175168777699 3.9648539737017558515 
1.7278098116735383094 0.24713287607793610334 -0.46675900288295790741 3.9972579774886809467 
-0.29638513215228723396 -1.3043595697058543159 -1.3897712198134897221 3.9982414409328073113 
-1.6784862352583909129 -0.62437921347541669448 -0.86794553160052323459 3.9883841317607759969 
1.9863833273483981756 -0.17133253421281299800 -0.12030847390089134674 3.9983827734244812291 
0.22368725991600202363 0.83162210853195706051 0.92503493775746847838 2.9340875389131069184 
0.040996224366908418091 -1.3884253276809381816 0.25658242393553098992 3.9987834880372101765 
1.1457093943789766755 0.10521586691601858554 -0.32169810733355297394 3.9865829921190583107 
-1.4364249143396219388 -0.80047852740091629542 0.46604058002855097698 3.9967048313068178622 
1.4094111727622644636 -0.053442615022830874949 -0.28618475813924693085 3.9934726552903905272 
-0.95407199061044911659 0.23577532665300027226 0.17822840290931241114 3.9940958056660158526 
-0.91671480685757300577 -0.56476652447275199620 1.5457012758630808147 3.9988508514716771813 
-0.19915672857074184776 1.0657982353177273271 -0.82478694818819342505 3.9970845368005751830 
1.2246355797530217302 -1.0742133143151892938 1.0714790582706379407 3.9982638756132535818 
-0.69453952643374705644 1.4579581613252519112 -1.1562587129193413471 3.9997436257441751906 
0.64803003865940800310 0.86359827240738784582 0.38990667617407059886 3.3789898566899152499 
-1.8665774035393716268 -0.069450508303618763151 0.66487474923804112947 3.9997484484511853786 
-1.5463752971333692976 -0.63555529176014546877 -0.88804877983095920069 3.9794019322247144999 
1.3872853374087634748 -0.15730646257553448919 -0.39997712848910982331 3.9959050247727261329 
0.75469493057584902118 -1.5645603902840381494 -0.96903100963368526966 3.9999389293952840596 
-0.079474749691430979226 1.1095664506052167475 -1.5269715587982533034 3.9997618188737029676 
-1.4649851295870415235 -1.0958669879441300665 0.67385679542426535349 3.9989026178666065015 
-1.3716309956635019951 1.2283881859573555495 -0.20235983255721556873 3.9993648686374454471 
1.0627226467114971875 0.44145730948418981932 1.3457729821569919260 3.8527331870441061668 
-1.3173135057684683957 -0.65260244110971155074 -0.22236550996360193722 3.9243894483946379914 
1.2462877699709857815 -0.24329049115990453167 1.2309937738382754624 3.9758742033500942270 
-1.4208917764122519500 0.88013029025859235155 1.0369812769765931471 3.9983192772931488435 
0.91137314249159917523 -0.22044197133801191058 -0.77686419867192901823 3.9977500211237413374 
-1.5125796654512653205 0.27536987649007049761 -0.064447787115884169751 3.9991179042616242789 
-1.3543952344297505164 1.0371786964461842118 -0.65923671645001880037 3.9997029010377893599 
1.2922821974095137776 -0.28757396448508032449 0.0093071113921496806398 3.9897911550884459508 
-1.3050481030397222959 0.28033146226623939512 -0.38834613196661837975 3.9986777092867109573 
-1.6097229017162630882 -0.96302862860257198996 0.052964829245339073438 3.9856866138944031519 
0.50653307918679191246 -0.70898863056611127753 0.54023621998185045179 3.9869950552233803798 
-1.2369031935374201758 -0.56203851486609712751 -1.0645805481072017074 3.9781041885379502254 
1.0475531242181186364 -1.5622625454213900920 0.32253353100089443561 3.9996995188071169380 
-0.49961977886143715821 -0.048819741990923537500 -0.20673940347429464737 3.9909641447146793070 
0.65018080965219304801 -1.0623571645465790247 0.49134992482434181049 3.9969399344967904142 
-0.084091291200142137541 -1.6423373461101846704 0.33632163373495038705 3.9993267620317491939 
1.7761379630865827828 -0.51644795500356166507 0.082035695765237948152 3.9980268610880491664 
-0.92116405019494118633 -1.3873912396941188163 -0.84301157433888973536 3.9134439086092545068 
0.039758239385945692845 1.9366643668214327256 0.15521650591282593057 3.9887599226958876386 
-0.46838814572989972973 1.6856719804685409425 -0.39716873410395736599 3.9973327164019250013 
0.52330246978253480705 1.7734757661981870314 -0.036633014970558597234 3.9827247341004325953 
1.7679501499664960207 -0.12618029166553290654 -0.72232169084167263673 3.9992533320839878108 
-0.49987828134076472963 0.40890831495119428496 -1.0563878465373086613 3.9990581553070501108 
1.8747656762548698950 -0.38349419554419961198 -0.40827884034942718561 3.9991923777752229618 
-0.57935983840778249032 1.8888425365258716404 -0.12485128714000243155 3.9975843850857248896 
-1.5880143229474792399 -1.0364810993323816390 -0.033811028420602240452 3.9779057322896465010 
1.0649282691558816794 -1.6045529098786834865 0.30857883426006649241 3.9997509851457078156 
0.88709279765535908879 0.17238010608922071931 -1.2155121295004849280 3.9991649775510085263 
-0.60400365914641440668 0.68033233544298599149 -0.72909946409953052537 3.9978257480425836157 
-0.73129676260772358276 1.5104190356759885638 0.57549392946048905095 3.9897240634900423828 
-0.45048289480904069038 1.1581473990375306116 0.26101469898554108262 3.9650201521583738895 
0.10729105355010259970 -1.9219255868599331993 0.20382953265955272570 3.9997912889210116560 
-0.24181165813852745217 0.84146500526283607435 -1.2017444645438510875 3.9992255616548835206 
-0.62517043494803914427 -1.0564091819321785870 0.073197385450871843560 3.9670315874122201727 
1.1738381642313120423 -0.48781612070671598325 1.4268335884830805060 3.9901885582837000044 
0.71660306324972067316 1.4766827248086815683 0.43868836897471430447 3.8832817695102717082 
1.7064969688227651368 -0.62004032404671372003 -0.46298893451088624085 3.9993706936115587247 
-0.33149817128183745041 -1.5664508747692422741 -0.36815494362415879248 3.9900924950812366454 
-0.64276346426345432050 0.16816867120406953084 1.8171437953736928606 3.9938563810579199576 
-1.9969263257870686346 -0.087576624484116571967 -0.036701677355624337529 3.9995541085363974787 
-0.75745392013691414945 -1.1618943375621015868 0.77785143502614784161 3.9987316012161624457 
-0.63774731287452413042 0.27094664976629467823 -0.58834868574990561996 3.9968037299890739611 
-1.1012355691353130638 1.5687839553236542223 -0.042536713192575570375 3.9986956140989020625 
-0.56812587155198102096 0.22788714942723586887 1.8631417972844384057 3.9927786210595455074 
1.3304953484940718056 0.15598905824396847031 1.2661892988163245821 3.9502609489741287163 
-0.83603661113369787117 -0.78035148843071744373 -0.53201955103131237657 3.6178365032770924969 
-1.9835337866913662630 0.15915496538393214543 0.043417670982030809324 3.9997768660687618159 
-0.67186840809537784480 -0.34650907627642890674 1.2481081300783609667 3.9941708389344383612 
0.89963666902121852686 0.32082377059498479177 -1.3327004533057678071 3.9994027661432562937 
0.32419495734053960234 -0.096830917195679599985 -0.44392047643266852042 3.9894516860092883448 
-1.5725040704643418188 -0.21109517008571621055 0.81918360262140099692 3.9994268578386265034 
0.42656133881482949377 1.8820570875872346672 -0.035503637362150841650 3.9878599739345967912 
-0.36254906336134151701 -1.8538030123520043979 -0.17092791951000829709 3.9974738571966805800 
-1.5838922481625168359 -0.30864161391724853623 -0.81048161753125369522 3.9935219164316215767 
0.74967137083195911629 -0.74841485427826159871 0.69352309593650884878 3.9889763707802856629 
0.62067258885526976897 1.4829268086252260783 -0.85371158681410030944 3.9973897812726182366 
-1.5493850288886896749 0.47162392763595484269 -0.10937023099241072188 3.9993924779723326601 
-1.6660196098452022540 0.12376395982407539798 -0.088880884430304618604 3.9992007884824922748 
-0.041094172939848405690 0.11034447870476116194 -1.3908033459726885095 3.9995775813385399111 
0.63543989287003732613 1.6307798534665425283 -0.89276578799145112075 3.9982703218944348755 
1.6022808560484240736 0.91236283059040101939 0.15598113260882051634 3.9774132924789862287 
-0.22450917757826793775 0.54750655109878620941 1.2093224782102476311 3.8643518750389280747 
-0.33743947243160166138 0.76389569777106958171 -0.88022068450322288324 3.9977982800917049033 
-1.6283468690383284816 0.79056378382152914241 -0.67994463431036522572 3.9998536786730540804 
1.7730494808683325836 0.19778051495690518458 -0.69286452516272323265 3.9987868948890055165 
0.53869838557611782193 0.23417480269055590547 1.8332800804663396121 3.9571505336800720798 
1.3492386345878553122 -0.73892316455716022805 0.23643305802618175271 3.9965410827340117628 
1.1852653356416014141 0.81065032683210569431 1.1158296689099760357 3.8106508289801213074 
-1.7558949187553380966 -0.51007813095793985703 0.73025021553181090894 3.9996449266717575277 
-1.6897566593475099594 0.77348283206473600337 -0.34189111778642911066 3.9997746613065627841 
1.1731288985050554174 1.6154682662394805881 0.020572792867691397367 3.9838433897199569955 
-0.67697455369416381643 -0.61938929900590355970 -0.73388736419755207230 3.9264560169557078950 
1.4909600782962546539 -0.92611230743082750827 0.67344392815108611305 3.9980647502236412727 
-1.2961170364192975413 0.65500053486630016586 0.95058868206235258569 3.9970457758282171845 
-0.76083964333423281801 -1.1012374433833054255 0.69618575766650936387 3.9981072705329925299 
0.39487706979291958831 0.55942087155765407580 1.3599413852883972531 3.6174711370699350610 
-1.9338456841985798285 0.068053273484998566545 0.45248045718869711607 3.9997737749426498510 
-1.7732303340683439608 -0.79858495410807117665 0.28886955031025135510 3.9975660902579734923 
-0.93775265958211884154 0.86160837202549478420 -0.14253669452647876881 3.9959739444552120347 
-0.97424886339241600908 -0.70811400789765199804 0.10354994790882066091 3.9635679253094262542 
1.1185498840229795015 -0.50035643145646369057 0.17656783883777960042 3.9895669215821087938 
1.2629525065474935808 -1.2195888716831504439 -0.68438426196364099408 3.9998452370345951579 
-1.5306231842622803896 -0.69403597298035357710 -0.040503507330859722657 3.9796601157018978157 
1.3449598463604521825 0.16637115477781239115 -1.1201714530185988838 3.9993053393012107932 
-1.1729982005393924105 -1.5812633036876455606 -0.069853593085313525624 3.9768722200654922361 
-1.3449474403369845454 1.4042763259989949898 0.26304277482836452284 3.9988854292633160270 
1.2749472850312790762 -0.10940618110981126243 1.1327668497484215671 3.9627258570528991477 
-1.8458774417695109626 0.70665110838961908701 -0.19925611736838083621 3.9998323389299947905 
0.069435544230251444731 -1.2574496768321030693 -0.27073863234499229158 3.9971873814489722321 
1.2299264061682824156 0.17163829557964116468 -0.80270244247975164331 3.9974408816166562275 
-1.1943107671289183713 -0.79574916197213352298 -0.23779595555119947825 3.8012877830613347463 
1.0679537169509019101 -0.93768177022006615751 1.2922228159275581660 3.9970361613195777295 
1.3770402235325702733 1.1016447955011623439 0.40494833995926549086 3.9381645826826874313 
-0.27757045648233269475 -1.1449909102237905145 0.67647134603942005171 3.9982069277298277754 
-1.3802138305909852356 0.39671915652399802887 0.49637251488531553001 3.9981616467724081510 
-0.74240738564896258112 1.5996239478686462565 -0.69061527912330389345 3.9992298006948927558 
1.5475252740845042432 0.010486426412572358302 0.64583597466286568611 3.9744679031509884126 
1.2435905978362025159 -1.0543397275245089961 -0.21232517246669901922 3.9992832171173811062 
-1.0994163808368160318 0.63548180447339963628 0.081659565462574912331 3.9963587528097908042 
0.079799563454551858399 -0.80334047831870925016 1.4700432933457112661 3.9955188945426858282 
-0.32984334744419818719 -0.14300882075718357456 1.4523826049887491596 3.9819949615996730330 
0.89996783916451672525 -0.11991644071708740249 0.0093341436075402572925 3.9680137748105663853 
-1.6287045251459328910 0.27231501258504708929 -0.36702308048733944812 3.9994049286010153743 
1.8204137917413447667 0.54750121410439422931 0.55791229105193995697 3.9820098938101518016 
-0.61162648956151777213 1.7233062494653237362 -0.014757813185450219251 3.9958309270990586270 
0.36421170146624737285 -0.57664316982965591052 -1.0529974687935910183 3.9993107067804052335 
1.5298671357851749697 -0.99286814467732642520 -0.093738698730346237120 3.9993299010212512989 
1.7739327694733142415 0.16115230112672895846 0.87835790690906656586 3.9843205446029901218 
1.8615745011898088279 0.33398599986212884616 -0.32294878442029667509 3.9970428975691105755 
-1.0194532728845091540 -0.45605470338429454635 0.31615869555272557712 3.9929286310118894399 
1.3849558546490499111 -0.69626357790739501485 0.47486634756984202888 3.9952644894379076845 
-1.0532549676647890990 -0.34572281173102403784 1.5073774767531036289 3.9986605903650587202 
-0.97183734287681611264 1.5802932116325447698 0.13157188580450629445 3.9974616439783972055 
-0.21066471344340564897 1.4252705986367002478 0.99054782071028313339 3.9358319274791435660 
-1.0678853884781420724 0.57336597875138917146 -0.43860084066976279260 3.9985129985405283293 
-0.74614086009756608320 -0.85473805711271877428 1.2895557593401958396 3.9988714476265871944 
-1.1590713174231415117 1.0583349174635716672 -0.39493572240705088205 3.9990007492034349568 
0.14744067901500557127 1.7800480626328838429 0.54550931765378662952 3.9620262002802233425 
1.1204695101555395276 1.5149818307855342780 0.35604046803673128352 3.9540029589412402089 
0.30621629731880828373 -0.42118665624656670410 -0.74891199171341926721 3.9978334671581960968 
0.71426840023663595858 0.20227978139084279441 0.40141064448996344183 3.7286786148415029807 
1.8417643659697309211 -0.65331987714831640801 0.055241305990583411401 3.9988840043522202450 
1.6088177850846654415 0.46851005829731007246 0.96803106706441655049 3.9590000308537875995 
-0.52754847564577067587 1.5295856849847355718 -0.54455625971384002959 3.9978710253541462905 
-1.9598235986286329791 0.21795647609074259021 0.060068695306179253901 3.9997835795070124654 
0.55263450398215585579 1.4264996082101635277 0.54550971745537069069 3.8173219341669160087 
-1.4439995193432171305 0.35015875320605460708 -0.76986128499593287078 3.9994945516612214753 
-0.16916704781003044644 0.40933532281678952636 -1.7133289238207576322 3.9998764555926777930 
0.59160247596086401600 0.90565261220323289848 -1.0018092243764704641 3.9971962703761581004 
0.55255947067741617573 1.2158500176837909734 0.90572574301857655676 3.5183146302771688418 
1.0513289176822002702 1.4811245648831923294 0.059467307875486818958 3.9682884097930259948 
-0.48442562130344146709 -1.0574623532336402398 1.0805536007436251644 3.9987354591227752820 
1.3015270904220095360 -0.062478810634835735272 -0.17753409455402069383 3.9890974414943296544 
1.6432950105906023452 -0.99855414087886229524 -0.22109983474154848437 3.9995756994030915443 
-0.17253352481743133851 -0.97791195944284536878 0.40162963187142231014 3.9962721618883998431 
1.9433050280167667445 0.19318400469490276672 0.42233405710448929105 3.9926733884960321497 
-1.6743156243166876784 -0.27585323124556049290 0.74470602474925295944 3.9995673111413241330 
-0.36666276520927532090 0.0082225408585316905885 -1.8798607218345688707 3.9999277302167528525 
-1.3495225857621364618 0.65365610324904110939 0.75398363771762610952 3.9975550229070044850 
0.34566981989198009018 -0.51221487743305393892 1.0570710152075393218 3.9729065901810196593 
1.0933379980968847001 -0.19714214752101155703 0.63071709553522059544 3.9486479860427321498 
1.6887155349951834538 0.82790987889836076263 0.67366998796118371384 3.9673737680484491008 
-1.9154669371771748665 0.29865770118868717464 0.18340429735614210971 3.9997734664663209259 
0.18493620144477773692 0.37762739123670141517 0.86759813082411807450 3.3539798769607021001 
-0.90250745868800796856 0.24052502632204575406 0.93649755490618180609 3.9893289574441941348 
-1.0162194611416315304 -0.39900331081481410500 1.0545546806859167344 3.9978244899082140407 
-0.36606415899272226611 0.46113738157637196302 1.4947228493158439822 3.9574213905024304694 
1.0313915032443801145 -0.51304543336474539572 -0.40617373898176278857 3.9969006329233263131 
-0.50274753047379938664 0.62749014013734893958 -0.25532817544482688810 3.9881842306163886036 
0.99196570286545249218 -0.78845874029646212389 -0.068630625506391984558 3.9969101287627717412 
0.18825831414003779685 -0.50759308519713308705 -0.72285143482895941602 3.9976839485324586754 
-0.70457564913801640216 0.74378231960506635545 1.3172042446704002039 3.9789377490633670575 
-1.1398982388281790890 0.11186244572238202011 -0.44935662554622690656 3.9968576717780641694 
1.6564545107609305319 -0.76612262942353914763 -0.57172335514005168111 3.9996222004041785958 
-0.72848397820929289281 1.4595112186655605502 1.0192024482113037909 3.9884040232857960184 
-1.3001600713884591265 -0.30599249637522918377 0.55984411051133520232 3.9982003206988365740 
-1.0925980496073868231 -0.88614893631021474096 0.12158008639635475845 3.9563344344580810841 
-0.92388416751843926988 0.99769256263434713539 0.49503598739933285522 3.9895232018548258957 
-0.63698330967956229287 1.3303580143917299594 1.1085066446342251023 3.9809033938216584758 
1.9465464470511877337 0.076180029100834156797 0.44698532202022850379 3.9937256156947462671 
-0.083974088053302420320 0.61356225179735091046 -0.11144005646013432909 3.9480222594098197675 
0.33011324472527903140 -1.4868387341080924191 0.40570805612583327182 3.9993790072185233520 
0.66589618265953065546 -1.7405911145646493221 -0.62317882704598959176 3.9999168627142234200 
0.97586743865139657927 1.2842941057686108053 -1.0250565339161621381 3.9985140823102169882 
0.24170926032016826213 -0.85270952021884061089 -1.6315271142363387824 3.9998821556199044558 
-1.4988190953751279189 -0.63774363241262421731 -0.54374998192106360761 3.9508910616726478082 
0.21096591721923774188 -0.89771214317149627959 0.94643688885720766990 3.9940869895432138392 
-1.6756396866098630660 0.66870193792009802181 0.22414085364680835788 3.9994903310445453215 
0.36621243534778802342 -1.9495335992066138431 -0.042763027899717198643 3.9998777754342764723 
1.1909409584913364100 -1.2216750042166304446 -0.77988733221389772154 3.9998658513143086068 
-1.1108588721028627155 0.89196517245589657108 -0.13315134196486289042 3.9977377557292501642 
1.8548549750992489038 -0.27779312063734284965 0.49387569783906937193 3.9955208223308487092 
0.46702784740107539108 1.4388005356834283610 -0.99679892277062820405 3.9983147235400027242 
-0.36949240041615505348 1.3933019785293885295 -1.0370929035732563417 3.9992555607320290356 
1.9673912988547113123 0.069434214789709125526 0.24777268043327865810 3.9953614594766975188 
0.86071545618842471015 -0.85580841815437636022 -0.96885882009940194060 3.9996908688071863835 
-1.5400523940151544799 -1.2542569805264154326 -0.20053815807167163499 3.9635959788211452270 
0.51061731238660090781 0.99071094507215029523 0.55708965449413438975 3.1215996088004147602 
-1.2239769744663582252 -0.36445400857747300982 -0.25601095619012115279 3.9724338388147986123 
-1.5901318936348309840 -0.99556312887854114813 0.52141911465554269256 3.9982331707172962254 
1.2088278738773303722 0.22550914705965685592 0.23468093986434168663 3.9332594812688337349 
-0.73901276223250267350 0.95978681996952630584 0.19850184588325925361 3.9852951816184476463 
-0.96500900542182410646 -0.76532957652356392586 -0.17452317325121824432 3.8211416991322670889 
-0.30854938872873427513 0.75324096205327584208 0.34662173074199098544 3.9024780276258486111 
1.7782254883305075310 0.66466798859460973770 -0.085193574137834793270 3.9920496762940533841 
1.9031524846492828829 -0.42527894420578571388 0.39057050771056361915 3.9975020529687883553 
-0.030329519943165461626 -1.2465659722836011092 0.57612678939528061406 3.9985128200877433358 
-0.38584684559862436615 0.98971740785062900514 -0.063559671086416358321 3.9751731848578701900 
-1.8233491501824539149 -0.81338136219164736129 0.033208331060644996624 3.9949580437960703350 
-1.4635258498032897023 0.39765245330810428115 0.22101622210081650621 3.9988762368946164649 
-0.28867826237284965885 -1.5647093069608730698 0.27259922295549388060 3.9982199818770265409 
-0.18411321444615902365 -0.40663713201029549893 -1.7366423744484760228 3.9998165708817698949 
0.36497280783108054791 -1.2638870241467738964 0.65202727260382964403 3.9984720748519433364 
0.42740126003215328510 0.19379310395686077939 -0.39377179362495606796 3.9777903842032080739 
-0.92063342434427353211 -1.1989515962081271905 -0.87045056443826418491 3.8465110748014712527 
-1.7115429516195574955 -0.80407750212080186802 0.39277372653940867409 3.9980028038835682125 
1.0347713283709349952 -1.6741914644348443453 -0.33018482073454208381 3.9999077760609162979 
0.19009122108975740062 -0.99950184289233290347 1.6318588800115072512 3.9981317503095339383 
1.3890782488591515431 -0.69917970625484904268 -0.46393709001021310456 3.9990424520419933785 
-1.9328364947809664187 0.15395480459733235090 0.39423261484455679460 3.9997752636813515004 
-1.6490118179640207430 0.82809462601022199024 -0.16741612203579037121 3.9996674624126873354 
0.38806691016322503174 0.31842133258190696843 1.2848058406945377374 3.6743164602670228547 
1.2906712982433714565 -1.2593284131763269329 -0.17484855313569913626 3.9996353543992539947 
0.097838637615351942145 1.9640180058827516607 0.060252479195564201397 3.9908026192263887921 
0.76609688699413824864 -0.93373116648756981917 -0.35870913742756793674 3.9987158983660684441 
0.52402195599671363979 -0.060771033932133455835 1.8354603775312487990 3.9765802381163268819 
1.3912969747816505972 0.95606664835305954497 -0.97208726022413438628 3.9986585023099459058 
1.9070024182789508949 -0.12794837002350367694 0.41561086706247718503 3.9951189525462669216 
-1.7585240590741202382 -0.42544826869753371579 -0.55387086051869771630 3.9933883856565377535 
0.061235952915807967400 1.5822687216631050600 -0.45999737895861458892 3.9933412344841645591 
0.84670493118676493083 1.3241952369143263901 0.47914385933998571154 3.8253370998872933129 
1.4984621032994867029 -0.97386059827117243959 -0.45403396478893404131 3.9996227231171652683 
1.4314582067899248585 -0.097823159025383077392 -1.3552650566876947025 3.9998029481938481844 
-1.9189867909200177820 0.17987797013499440268 -0.080552142191607611910 3.9997111032702745703 
0.090162777039951791380 1.5296863399257130123 0.17855475922969032965 3.9536936096060482093 
-1.2661476432777876155 -1.3952881892806614506 0.088656735011795051449 3.9786943536952947831 
-1.3021370691071947334 -0.098792887920749361541 -1.3687856741176258613 3.9990855079511247183 
1.7162291755369381008 0.69514276530966956358 -0.38759084259160581087 3.9955428406017468035 
0.031244993043570978841 -1.0427299478980098790 1.4681020682561582991 3.9981808826477065466 
-0.12670646760154280486 -1.6947163231072004397 -0.36240684809652068399 3.9975783278388239417 
1.6208550644396138019 -0.45183255916602593771 -0.57273103628074761851 3.9991480417474494224 
-0.50842750353263310714 1.0144036473187110214 0.47398388006300917752 3.9519511875739521400 
0.72996871362442483644 -1.0844225611371032247 -0.35172595694012254164 3.9991628526807021515 
0.50778883370168825806 -0.74706653342994511213 -1.4048262457656006674 3.9998481755862274056 
-1.6236737769570503964 0.83030194258063416690 -0.18546615573244762398 3.9996464460860372547 
1.0568519016832191859 -1.4960779736477913815 -0.19785211608478103784 3.9997943833807902969 
-0.74865312022869190400 -0.92649189495162054264 0.12512352560454642614 3.9650162706977001292 
-1.9088256692216085675 -0.49888015639297955683 0.20435568957443683846 3.9988565649349205877 
0.60111412050670631757 1.2893202188108126016 -0.38634615469817457090 3.9803119126126902394 
0.96104282061443413454 1.6513018828644590030 -0.063400165483860626559 3.9829800528292156336 
-0.46318643012532678682 0.35425006208989473500 0.33524372870164875771 3.9552932494700181465 
1.7792997714409528598 -0.61029687872716620323 0.27944673227907579349 3.9980283548718955622 
0.81909837846522792759 -1.7931544186872596658 -0.11813874550092695603 3.9998993161894338400 
0.35984548414601746913 -0.46951381104275058398 -1.0946540966361992808 3.9993109578210548349 
1.2101001750918594091 1.1437491529436558668 0.92509148814778785486 3.8647019890731892922 
-1.9500822066194785087 -0.12019915102535366769 0.31626458449441186005 3.9996861198157294126 
-1.8751384817753944390 -0.33569761807524678421 -0.37643046287098602676 3.9973241939580423931 
0.29987726092132760414 -0.87006272193233091805 1.5281397476592766260 3.9962361549006466532 
-0.56099432510383273609 0.029812609044377103018 0.66714279179597379965 3.9741837837241318354 
-0.64538565241504564085 -1.0346284044961366888 0.92350977926174637744 3.9987345549924739885 
1.0666502676739955113 1.5205790133529559771 -0.62950416420912069793 3.9962483562747141974 
-0.071957686783183927304 -0.99804320694221182464 1.6777903097859503401 3.9986310260527018201 
1.5399767839518885282 0.76329598354615280087 -0.25956632833639226021 3.9895144985679982241 
-1.4203863559410732087 -0.76613552216836977582 0.65649832509938832459 3.9986609404497812648 
-0.45768987439979946785 -0.024225880381336217795 0.35034414346077369373 3.9758580788835162778 
0.13646484838284234087 -0.19142385408258477675 1.8525732478693239802 3.9866923668007516746 
-0.39681086827129341543 1.0890183682193372849 -0.33293042113509918600 3.9899359984798468126 
0.86078619989862126261 -0.28627601801163082840 0.27119305638364643585 3.9637320797567379138 
-0.64115070688647568531 -0.50393197525694644057 1.5452855226657864485 3.9972217650355368335 
1.5939342701667764679 0.96455826067237571131 -0.078744568965069761113 3.9867700596919029010 
-1.5835423530245154033 0.62729757138884290057 0.13558151153747544093 3.9993360041116643444 
-0.46037416968252120597 0.038280176120527809047 0.11119498863983889869 3.9815290979235693491 
0.076600325436551486291 1.2232215176491922914 -1.4564594174024234619 3.9996750229768824880 
-0.28835786859703205209 -0.53295608747630995872 -0.22146875464604831585 3.9875515259956197944 
1.1746546938349018419 0.90045866344712188756 0.97689333985065718302 3.7805185158123610911 
0.41006252714591617803 -0.30565176404496252616 -0.67211968263431676185 3.9966785018516448602 
-1.2512576204584346939 0.35479997812439334481 -1.0786737443493126243 3.9996188941106987080 
1.2468114634334339641 -1.5332822176853420082 0.30555598771537334502 3.9997348634420983871 
-0.53276339311723930336 0.56504686015263394516 0.51918634479230574286 3.9465113145956896012 
-1.0357284181473418450 -0.40219508853218077782 -0.48195838889132702754 3.9446400957277854005 
1.6575005199345569373 -0.66917654438752771640 0.33812363734804029569 3.9975688070438266664 
-0.27953901023960758820 0.40660653273451630163 -0.55115133067855515137 3.9928544689620717456 
-0.39351672139085724922 0.97703739414588941514 -0.69443602406443472042 3.9965307050615397344 
1.4366754835521167166 1.0384200016533926547 -0.75595187793463280990 3.9975293876092785617 
-0.49260228023457752755 -1.0173957484839921683 1.4031254940729895875 3.9989843084018454888 
0.62686478376610255125 -0.45513511847084275885 0.58468152352548363737 3.9645933887415027996 
-0.35318038852470401423 -0.70880745573750836286 -1.6689819162296792854 3.9994250478537671789 
-1.1752031500758377547 1.1210751911620215893 1.0700057606609214567 3.9963271601900278718 
-1.3849204782755579757 -1.0284753038793672530 -0.34894184651390225405 3.8336074166215339254 
1.7357088936902758114 -0.33930115039219777007 0.52470672341294466445 3.9942899997458538586 
-1.2911487774697274489 -0.26906858694569613100 0.26857202690741499573 3.9963945197348742511 
-0.99120934778643077223 -1.5012520158629474309 -0.71168034214256858938 3.9235959725025226774 
0.28594632605822800642 -1.7469240400642633837 -0.62350083743746331777 3.9996946235437094153 
-1.5538140964225828355 0.32953429520113597384 0.026582997745489223007 3.9992540254049857573 
1.1079724079339907661 -0.51458348246551977034 0.30288940152820553742 3.9877103106137212762 
0.89802227190975170146 1.2453334834522025165 -0.30344426816389802326 3.9773614634454217409 
0.019441136469967368328 -0.82461167368445398296 0.46378994827100483711 3.9937740078889061301 
0.69456360385192139617 1.1704669234299118763 -0.58552248127887307483 3.9890901293886487089 
-1.5656326964089819498 -0.54336535938794439105 0.81466386875568730375 3.9994972764784670893 
1.9246041568320264581 -0.52983883184146440826 -0.028886057985530275150 3.9989294056517330489 
0.92294053498969974569 0.55283466066041975218 1.4432541614865606050 3.8260223659495022908 
0.86316266760838189498 0.59730794395607222924 0.85072323161107532563 3.1279335929097209501 
0.25534394508341451413 1.5791901379290436136 0.23074645293879214591 3.9458524166296999880 
-1.1004409252979678868 -0.11074790593964989327 -1.1912026105861663883 3.9976494784478990852 
-0.30206294949421241824 1.5785950375816630853 -0.45996817907640696887 3.9960931830357289130 
-1.9309873272167288327 0.38794009765721826355 -0.23858863227848287059 3.9998267796809816588 
-0.65926948147166442027 1.0123222428621883040 1.2913004889507033734 3.9776884573627553365 
-1.5863895361732938127 1.2167793478743538227 0.0088181594712519878465 3.9995785487792701041 
1.7712842457000070873 0.55793787317220766564 -0.47820016307668472555 3.9971117787351211348 
1.6894297944810743317 -0.60437783706238668024 -0.45128760700075226664 3.9993028549042253239 
0.94646181044445176767 0.39587244276056154924 0.22826148513695687647 3.8279583147755800177 
0.52342517526595111477 -0.42822665219934186176 -1.4122963462285618164 3.9997784559128524151 
-0.28698830195505209417 -1.4351012542107324244 -0.83540397334875771129 3.9909184869307949839 
-1.8133276167675873580 0.59786379796239041973 0.075598137774716800408 3.9997313019584481708 
1.9654133683426402435 0.15550441072563131462 0.11643148745178782955 3.9956543218532916129 
-1.2430139951614807003 0.62761911854554752743 1.2780894421167050545 3.9971164495001785255 
0.93611973376710988504 -1.6976560885175187021 -0.46488380813453533680 3.9999233727819687445 
0.46718973275551833879 -1.7979704136072012233 -0.024232915583585645791 3.9998326274102122824 
-1.3647601501132515800 1.3026538686276518675 0.53579515051573833873 3.9985310642049163299 
-1.0251262170441166610 -1.1246890426279338993 0.92264161915748088560 3.9993285677889254259 
0.088786601153269639752 0.80853449928181353457 0.85841042648206467014 3.2816912942149740751 
1.5834595809477844952 0.99548075774080535538 0.58487869049806495703 3.9587247826184346344 
-0.21837928920066485006 1.1503990275194826420 -1.0223935935599213209 3.9987091627155093576 
0.31902722469419675377 -1.5535547278330923415 -0.015320532134036390914 3.9995007200353072108 
1.0816186125731546142 -1.5989769707174934510 -0.16670050665301949788 3.9998537550759358794 
-1.1919111057900795281 1.2804572568215293327 0.19481778955152129207 3.9979012497394572634 
1.8370426946393871859 -0.73004918822108211263 -0.035768237995658758166 3.9991979243727442395 
-1.6677868928924572955 0.89295767156235217321 0.086636243650570876618 3.9995727261273579245 
-0.38326561346857568324 1.9215337013281668099 -0.22988903684055361776 3.9973047603969473762 
-0.99620360865296442299 1.6003986308162470031 0.49424101495261429928 3.9966703408789818752 
1.4891404009796920249 0.92791739839445241955 0.12764409290638722982 3.9693116367628866747 
1.2072180485474022227 -0.30160623812259657051 -0.54084763807897950905 3.9972073759299040496 
1.9009011900866172873 -0.12837203790486895194 -0.26703021815506466918 3.9983352211146354627 
-0.20351820589672575679 -0.82539994383287651480 1.1170594748759035131 3.9956724207351643763 
-1.9502313523277559071 -0.17368591028465785175 0.22069304510234349914 3.9995748012493232970 
-1.7101060746319571848 0.054924897492064417293 -0.76714041817509359689 3.9991195895581017616 
-1.8106023062883269681 0.45017375612021215403 -0.046004595487975863399 3.9997328555414415341 
-0.99594195904092375216 1.1430369553097659008 -0.93405468615907905061 3.9996412551422850790 
1.4658277917763351539 -0.072895225887306791535 -0.72441380266903898644 3.9984448929486400282 
1.7571999739645285388 0.13568681017569550473 -0.57532666309310664943 3.9983407558787309455 
0.23542949483143571499 -1.1168147961181174033 -1.0881008694457385833 3.9993655129553280503 
-1.6155681728187545332 -1.1657733140613752987 0.0016797156459937290229 3.9845803163514723622 
-1.9698695331199091996 0.0024698541047017963379 0.047868438645433775136 3.9996606834159060817 
0.91830486798404198368 1.2828324662654289057 1.0089696456033625527 3.7986265765943301176 
1.3693672173599287234 -0.96189913320099429406 0.67364595008277050603 3.9978295355953199497 
-0.39982860629568506283 -1.8743760534795852468 0.33521497215179441032 3.9993301254972464243 
1.2333100948693052068 1.3370470923339408120 -0.54960999540049049195 3.9948308328480943707 
0.0073654183755178515014 1.4207791012773738348 0.95946707340953785170 3.8850974860160842894 
-1.1520353129714364648 0.36576950807035291113 -0.87361056034183670604 3.9993116999826816560 
-0.61727136590432474250 -0.66126996231102364021 -1.2669886806754848685 3.9919918744130140631 
1.1321556220029886930 0.29834085660554010566 0.71810998275615545161 3.8035652711104823709 
-0.91555766075695377282 -1.2701653179398935123 -1.1926968294839528362 3.9775397781005898956 
1.2427106051271059606 -0.13793642447958021080 -0.66433500850743709698 3.9974882751795206559 
1.6576467185138872296 0.025214727931025970875 -0.53574735896440617289 3.9979331082902453964 
-1.1932479379227349803 0.24945492697831084250 -0.35412444150798294551 3.9981283942111911500 
1.6765542652118918809 -0.73516982311599643474 -0.038221345893674540939 3.9988394488822294193 
-1.9100828005680638988 0.28907738257501636170 0.11707017607059133635 3.9997673768914769887 
-0.86339395480770830815 -1.2816866013809482538 1.0504963016542290255 3.9995972114912667905 
-0.89635492490215096240 0.57860182728563058774 -0.58439853688362197737 3.9983384986784553661 
0.014224767954460482144 -0.38663451081490918249 -1.7989459379363808011 3.9999043708205741510 
0.67243204143991297528 0.62058823441257748854 1.7637217794600825727 3.9213440693128953640 
0.27874041294258589119 0.95161397219453558449 0.94281789104863955586 3.0681833284438062570 
-1.8220266724948630532 -0.74768723365214007082 -0.16229209610673608899 3.9921330880429088950 
0.25624400336876895778 -1.5433868130409669206 -0.40195365830772522564 3.9993240155651421652 
1.1090166208033265249 1.6478920213329182332 -0.14545220590617682910 3.9888569929396275882 
1.6863478266517217818 0.80678357428652502925 -0.61367303561015906777 3.9975411804533034221 
0.25342583127528195419 -0.42707400433673403661 -0.31369576069092541815 3.9929722492557466751 
-1.3149718401049530492 1.3923654662409961080 0.054360165942089477831 3.9990277823692443881 
-1.1644823102589354491 -0.012625589973275452849 0.88683239549199988083 3.9970916907317901590 
-0.11349742910455473677 -1.7525639541357065365 -0.12149744632892811591 3.9986139363908814737 
0.59410242019828540805 0.55439297415630317545 0.066444877530067003590 3.8038253840857327859 
0.95426020365560670911 -1.4984257502334845658 0.38901920708991055697 3.9995623658672365686 
1.6963584864723926238 -0.72182190074979102334 -0.56141125297804150840 3.9996013511563934806 
-1.4818758598249237579 -1.2811601328484039097 -0.033236674829460854941 3.9745233813301670267 
-1.3353445829570764758 -0.92693274126529745516 -0.23638675997778879623 3.8508519207619635871 
-1.3079072689756889858 -1.1768316107626635159 0.83417999867630421296 3.9993760536341920186 
-1.9421847521728667907 -0.39739979447458728679 -0.21985291820759311765 3.9979777726517373715 
-1.9554845736190538119 -0.23863233996205104881 0.056653255800423185651 3.9992934084079441170 
-0.35823026317402595353 -0.62817655097162949929 -1.8528703200473521928 3.9997918786170783001 
-0.96492197760299669440 -0.47766902618049500440 -0.96794161566901493199 3.9702634734470199085 
0.22029518282764337656 0.11623032597834459523 1.4961647069534971255 3.9107360877899148832 
-1.8824249083460768972 -0.34799451599626485265 0.44021414491782484557 3.9995474568752817923 
-1.3279307766118511047 1.2924101611847198523 0.052819094518091747048 3.9989503178835366093 
1.1269202153101227637 -1.1338044903302717525 -1.1645362932710343618 3.9999326557211229982 
-1.4013573347048349227 1.2006162991748214885 0.43100520121946483965 3.9986597696950552105 
-0.94883469824654786962 -0.37906529897857832445 0.22729324342900536493 3.9915678535223988455 
-0.46035186234211433742 -0.45735620983883062962 -1.7528188687415022784 3.9996725550886034206 
-1.3082155760722549154 0.094758693261137949548 0.99401837192403408316 3.9981016787161531845 
-1.8020291100530543282 -0.55070254958807973722 0.14359142393098489610 3.9975372127443598025 
0.82561420294990384150 -0.28825575608933484695 -0.58046603986283562548 3.9960123628693766662 
0.62048453708356055003 0.68568511489917205459 -1.0879562819023151921 3.9979308254167325032 
-1.2801514077879678766 0.73190942468097053286 -0.34614172749753824299 3.9991096680204680780 
-0.059626140915192582526 1.2259709626166779284 0.38824377436953350085 3.8774671499306747613 
0.58145192529400580028 1.3435575363385323655 0.31741139909174709288 3.8424095028928273443 
-1.1357571930268939298 -0.58936338099623752917 -0.76312601903549215354 3.9039702687384298940 
0.091220322172135048788 -1.9487598121233189463 -0.048132712624636808663 3.9997220454362114594 
0.25776467312350659356 1.0273166726097788803 -0.064791885764638790235 3.9125910255712179620 
-0.59922763492985975375 -0.45675556826586749537 -0.92699183340067570214 3.9830908218761718054 
0.88408971129255675692 0.95646762488245173905 0.99693480353284225082 3.4631431390281735005 
-0.34019904587971794285 -0.024463067001377236664 -1.5717511591891661915 3.9997451066460278923 
-0.77348656867604326237 1.2521854834631300779 0.0085864950412701812610 3.9932936215477710107 
-0.43698560295980781731 -1.1081644785303446099 0.32349112344215891213 3.9942122638621788688 
1.0548823630315600219 0.38682067487083160451 0.50422478673504245172 3.7591472145846767106 
-0.97399203823999114249 0.79573547500456576209 -0.41097367044396482250 3.9980357790862046663 
-1.4395253679253614543 -0.12555841323162653111 -1.3426959068887063253 3.9991136232020076946 
1.3850921377582410265 -1.4029243698456301814 -0.24523362964445361012 3.9998243369008243953 
1.6629091556419535181 0.19600900387518005452 0.73419123554858400915 3.9750337966213979968 
-1.6225064868673531038 -0.21742559593729660072 0.10737893295614564515 3.9979557360264843524 
1.2012620836083161002 -0.78954993763191561040 0.65617696577784312417 3.9946150166512812696 
-0.36266321165147541450 0.46135696377005763757 1.7437264416180022764 3.9779931894706472839 
1.9171150973653934280 0.30801331694380362780 0.16116225448830623357 3.9934361015703458975 
-1.6383220463770045150 0.33155300298166801021 -0.23246501157039789476 3.9994864573973547550 
-1.7015113186430541603 -1.0430893262225764406 -0.042498633311981212635 3.9869124986990818194 
-0.82265088261591445828 1.7340986261231099430 0.074671722340146184926 3.9973395444419863587 
1.1716641808970043037 0.39288346895743320175 -1.1953633509335244156 3.9991945156076105228 
1.7520939488932727457 -0.015363861507928233685 0.51076642227262258888 3.9888548622692958645 
-1.8920758501836889565 0.48101379689013212815 0.20572696869784717899 3.9997716728687122689 
0.86369215838454982404 -0.0072758927997400579812 -0.66905214477734054057 3.9949812144130532054 
0.93174250029483030033 1.3027704636703210106 0.024882259731572320405 3.9452094099538146388 
-0.12697173323466781625 -0.12254181071569836270 1.2850954709363302531 3.9585405688514678779 
-1.0602201461809546146 0.34635367767500024883 -0.16849959856183893692 3.9972603594577140740 
-1.8314926698745535028 0.65212784058860084890 -0.30318018431610371799 3.9998395418812560109 
0.81960647375116524316 1.7220458507961704520 0.59402208776625009534 3.9489850796849532699 
-1.4066575009905082361 0.25529776998837139246 1.0432722740011459717 3.9984942055244823145 
-0.95601343690565920852 -0.38598718719511881936 -0.37592216368495434686 3.9530974663723985607 
0.59115271721200501887 1.6235923408100549903 -0.085117899856917422774 3.9763322306168977782 
-0.47400393062357526475 -1.7385074508574536178 0.49594549769593676558 3.9992789553317038553 
1.5242576334497033308 0.11535987908995970486 -1.1422176970422390774 3.9995483125223190157 
-1.6813448466749338905 0.47249417267432369805 -0.57470416038911498191 3.9997553458978836183 
-1.6732412037187294196 0.73609506767221999368 0.76384740944694873299 3.9993278276682424632 
1.0103101785210415464 0.90124971474305759500 -0.74452250023724597661 3.9943146597010703580 
-1.6069853300760419401 0.47550271482406381018 0.13307427524397441587 3.9993791712676145522 
0.068097272987199364280 0.86243072828019728959 0.82227795631458144854 3.3697261988673430366 
-1.9373957528038148190 -0.47387177684170656011 0.052763180193969555498 3.9985299076315485856 
-1.2284960655798764506 -0.0041392639210664494698 -0.077164691052799661009 3.9963259003088729138 
-0.85672233537678721405 0.69718163974788449622 -0.43334170473276123481 3.9973161451702372560 
-1.9535295182827159266 -0.045876583227760225903 -0.34598323783817219734 3.9993674535807488546 
-0.95429305163885125296 -1.6971241197007713719 -0.26294905148419311924 3.9760617038176175875 
1.1156947814735742597 0.84558174866864233010 0.87526933608544954524 3.6872155918428872745 
-1.8541927439821810353 0.69294243319115167434 0.027621325141007513349 3.9997865667896288500 
0.18637091247905201996 -0.35928275899441097785 -0.46232578024119108662 3.9945135236821629476 
0.97309062417331260164 -1.5399577747944013240 -0.50333624239575736059 3.9998845618614846664 
-1.4488649954719790003 -0.032582634066521842797 1.1754491669671240928 3.9991415440005195769 
-0.13598570241457341723 -1.3034121515566783334 -0.26354859335050528912 3.9928127781574724864 
0.61769663742697522579 -0.11470997015560513432 -1.6984241288778825218 3.9998885502673062753 
1.6507206143467869630 -0.63533259831704502751 0.44587142948558888822 3.9969891681363769464 
1.4548559950884363268 0.052884149562801407995 -0.22153636019568123672 3.9915775696338693379 
-1.5500244948352888130 0.42406113498857500588 -0.10762954447854578000 3.9993673425052791437 
0.65530147550133088785 -0.071278972621374947494 0.78623661250226750674 3.8281633571962547791 
-1.8845332163435233319 -0.59086710829846911253 0.0033130312438290898669 3.9971783346203406673 
1.5140146120910316085 -0.53703890746869131778 0.87281901133110828539 3.9933851453102549023 
-0.079698331691973933744 -0.085640194552912385362 0.87077685015922234868 3.9202687895670371709 
-1.8553241920272145471 -0.38294978051198630409 -0.36440900537859477470 3.9965638499467526223 
-1.1920032169700851554 0.69304244400294523487 0.84757479140002045526 3.9954082713529168736 
-0.38255434261948018104 -0.54788317049877721665 -1.2283014160386294122 3.9963117266559473606 
0.51638654574129017050 -0.55342071123948199940 0.98728147835958823819 3.9748599556130805865 
0.48179137152768314323 1.5683278129777862286 0.24959261442048763513 3.9345622932609569666 
0.87100507628581480546 0.64882832621692343444 1.2406020355800120303 3.6041722467146857234 
1.5232167495137911573 0.43140220022217024010 0.14323285389350459695 3.9725229365136027759 
-1.6293206175410053227 0.62632900467919161436 0.12975727026987382562 3.9994432509143700294 
-1.9612542560307204553 -0.31674124363721128939 -0.15935026709727945216 3.9986859675558950045 
-1.3416432197688004102 -0.10188137450352718893 0.23281317939922807625 3.9976338910613278266 
0.33985397685181917282 -1.2424641259588899977 0.53281339763733215342 3.9984001051803850224 
-0.42115329597450346100 1.7564290985491586294 -0.51075923708347792385 3.9981447853793539160 
0.53246076845942935662 -0.67054187711264612304 -1.7499861514844110566 3.9999506811421143837 
1.9503500626407910268 -0.16741950667962351984 -0.026971500414330717987 3.9978439018321862974 
-0.70168942990671245852 -0.82717772008614831591 1.2165956887778339723 3.9985341758366828024 
-0.28659005405376403175 -0.74507697804680517173 -0.38470612613885579734 3.9786509726264402964 
1.0454385808355901588 1.5423949069899698383 -0.23769891851123281512 3.9875752435411744301 
-1.6786754422520528962 0.41034448431866588081 0.93102843422097314452 3.9993953142279412560 
-0.89218115394778818583 -0.035093263867542301426 1.1817054220806493259 3.9938460473528114569 
0.29712968850278631550 0.17637123462856552081 -1.4699619043090796922 3.9996412192067731795 
1.7542757237427712980 0.70023199757410803379 0.22135743590564382899 3.9840607515733932331 
0.085612198773966419196 -0.82931364741920354788 0.31815051828097673514 3.9941516363333482431 
-0.35764690645849261941 1.5986932150703128119 -0.36533270501185144408 3.9956029948596221146 
0.86188446245580552230 -1.2945882269639628070 0.74814416259668914400 3.9987968659683250650 
0.25505894897157510570 0.98419486245508980282 0.75562432902337217655 3.1174158445022404074 
-0.36619345991945229102 0.72568373912366923584 0.20018275635660720546 3.9409341414841261297 
0.60650979855451669920 1.6424523843504590381 0.63501176709512241469 3.9149474668000352473 
-1.6936069197633329964 0.48744292707838732248 -0.46302620880482203702 3.9997398209313543838 
0.97900219748523076291 1.1868785234889787095 -0.58684653080607473985 3.9917483315745529993 
1.5925547488464593116 -0.72457656861548347393 0.65655852692457039588 3.9970257313545958233 
1.2000963329741529684 -1.4676403612408364108 -0.56315368751711458728 3.9998994196559065628 
-1.0033155545193697122 -0.28557471808151668746 -1.6121929664918996927 3.9992576094058671643 
0.98229418155445902272 1.0314066879259944365 0.91263170041626473505 3.6311616344634494169 
1.0610319698273062983 1.1409434358933465692 -0.085470056163427843288 3.9576819892036207982 
-1.5828794471869538363 0.032834530200635203556 -0.47981747500233007386 3.9982187700064875102 
0.48067387237828995694 1.6535376084403219377 -0.54946570821517437544 3.9946120533965330246 
1.1612981781226494604 1.5217654796697925867 -0.056476732020870556994 3.9825541475329866437 
-0.32415757254444699242 0.34362758031945439541 -1.7959700609749171818 3.9999189346247523424 
0.0034507416308762195456 0.78560681317183367334 0.37924194838967517640 3.7104699534759353341 
1.7600228489085578687 -0.47878580853362290304 -0.25927278367085582200 3.9987841060288080719 
-1.5338295523912766072 1.0389614919106726632 -0.42578757386455290401 3.9997213170832677243 
0.89649234027104496292 1.6139470015445180895 0.38606450940831993357 3.9465483005572186137 
0.25286139430528553618 -1.5036728645407988481 -0.90416739095329512477 3.9995197642614908062 
-0.64453393900454258869 -0.37824486233728338291 0.63358869146193264044 3.9921941055653169528 
-1.7724741596513493569 0.26692733232267473742 -0.58755788318542756521 3.9996498633677282086 
1.1254191664606638668 -1.3095717780258391283 0.44183412852679704308 3.9992161872685456636 
-1.4412636571595554003 1.0767215641914644753 -0.43336548932478952123 3.9996365433557610203 
1.0725115231568826957 1.5486760490492468278 0.54974747202314677708 3.9409396084201455679 
1.9121450234767451981 0.29186932732599724094 -0.42225921415004818993 3.9980898001781239870 
1.6523369583141169770 0.44037097293756688465 0.85430145595513229395 3.9646899364601573268 
1.9411937772210570152 -0.23612275778145741523 0.34365500177939178883 3.9967401544282754600 
0.92926311554617901933 -0.54077834346719511061 0.55495833847434639097 3.9808601509878118740 
-1.2659063855650427577 1.1066975760070183465 0.38407067333686573107 3.9976418089895298102 
0.85301706711561076091 1.7540741261235801574 0.44122084786137544254 3.9625981079194958490 
1.2033954721548489886 0.34765795780798725012 1.3027061255790863825 3.9044529776538969834 
-0.63515642637399816195 -1.7267679307412928669 0.63594298551169525791 3.9994552192540204771 
0.066944250928577364590 -1.1008647034066210146 1.3430587120690391512 3.9982202122475545281 
-0.62912597482267784699 1.5074451544200080377 -0.73791230658930051511 3.9989923824162625365 
1.4172273840182465499 0.99127001113105905894 0.83557271705845193033 3.9150583015046134250 
1.5213351192595165884 -0.96481530171878593372 0.67837516187351121211 3.9984056792397990598 
-0.64933410346133335622 0.93347168160820848115 -0.48291757099065701908 3.9961611002358559119 
0.72922428888540480330 0.25403766205298117242 0.082150282340322400287 3.8795128586436824492 
-0.73399024381421762442 -1.2360767503905654152 1.3024422801040644870 3.9996367678396835821 
-0.18741629256641401113 -0.75785181468475726341 -1.4552252736765836083 3.9989995312496722235 
-1.5498559645142084840 -0.64259557862225924474 0.88206766625118593339 3.9995733159950641600 
-0.73932230432254852914 -1.6770754904515969841 0.45465948985988902109 3.9984177784826844260 
-0.84929715986610254674 1.2178369123799144269 -0.19523141547874200974 3.9964186653408035887 
0.80424139262793792327 1.7515580629619471598 -0.42261191993940727674 3.9943606836349805356 
-1.0654228263212024430 1.4583379050924731857 0.65830688883951793411 3.9962815079925468886 
-1.4021761130387893068 -0.43977151986457896360 -0.46514786285127418530 3.9681063855997886769 
-0.27723434686238901392 -0.76359534300184295219 -1.7106138717172361119 3.9995997501322451129 
-1.7606639128006662531 -0.61926052740990011891 -0.54587292091719952225 3.9879114508437125686 
1.8537770244925968477 -0.57829110890337265261 0.38026891831704928704 3.9980661832498309849 
1.4770381479366361255 1.2483382297317120457 0.31912239800853270388 3.9695181938660852872 
1.2468699450194589140 0.77136608992664479345 -0.10223113745918532835 3.9633890717095514589 
0.68928465789073145586 -0.40460846862272403790 -0.64511753359069423652 3.9972966140140004931 
-0.49242742143896300888 0.69560067195985553212 -1.4911540790543322821 3.9998057534048911954 
1.6429739554361288967 0.53938437995840726735 -0.81343775510168958576 3.9985681630273588461 
-1.3412929894766771888 0.078193568070349606103 -1.0671690078125042334 3.9989068593153689335 
-1.0379026514172005058 0.035189125312520497246 -0.37275816494802582746 3.9950648748526798038 
1.8195500851054999814 -0.57270092756954094071 0.020092324436131625554 3.9986160892625690622 
0.30700975082096704227 1.4406313112065245452 0.62721627191289108794 3.8266079125583010168 
1.5690631746019967352 1.0074634921387977116 -0.25168913925241737095 3.9912357686577091265 
-1.6965409551647709918 -0.11264639316662727886 -0.91732170712565708204 3.9984956334149530655 
-0.42932183138271806655 -1.6514696400517701047 -0.052798456387510128707 3.9941378579623219025 
-0.48834144908687093789 1.5942231623301992283 0.43481290745800671438 3.9841016893555365463 
1.9501036464534444725 -0.21173273870145570275 -0.028553910751449085303 3.9980202862686038401 
1.7172981464352123915 -0.71107402367174454838 -0.0097577244157110998302 3.9988188195920519874 
0.95522431476451608034 0.59177534478725157818 0.10834041459138799013 3.8582890705364256689 
-0.35225525952776282068 1.2535824463545881535 0.0033916564928755388308 3.9771484216289856306 
0.35061967782076086664 -0.92756983086881206191 -1.3287325357507229207 3.9997658417209214221 
-0.33464280318599071151 0.13227732457970575730 -0.40933401863203688897 3.9919196845373248195 
1.6750619728781299678 0.11307987879123793107 0.52736519604184328713 3.9813075401437023615 
0.48385223172958102822 -0.20422242008558733062 -1.8556382384848291167 3.9999418147938694545 
-1.1854028212832949940 -1.0148931669593701521 0.15912938177037005971 3.9669687153982469141 
-1.6521770495034551196 0.59859007699710931050 -0.53732929305001841946 3.9997794122100067682 
1.8794741542575814641 -0.54243791452954992494 -0.33427215385990166618 3.9993351675721453553 
0.62648192341745234657 0.44354726021601309505 -0.97963697187938925115 3.9970397871095997289 
-0.76895836423663821435 -0.32892459069398816141 -0.72851479517757189441 3.9766702059378600254 
1.1741497588329958823 0.92374379105114812205 0.89454315386026483914 3.7723622266476297682 
1.1376967548434637756 -1.2289448776190368129 -0.34017616019673690975 3.9996362856948355358 
-0.56974661894499245562 -1.2753107055540056081 -0.46683436244410470017 3.9071401160529863894 
0.041726014182638770933 0.49705768189783117172 -0.055074883423697151841 3.9240680704232469012 
-0.68618684249016759225 0.0032245967798234520529 1.2091627554697497171 3.9871420849715679680 
0.42923603934409992888 0.89322725658608170818 -1.3043179285743065066 3.9991501298770053552 
1.2123093191103406774 0.76266744140847331224 -0.75051315195829804150 3.9956757107339542223 
-1.0976864321901032007 -0.61792127788405482036 -0.71337574819484783628 3.8641465004928452487 
1.8016116350696673720 -0.74289108299427542015 -0.032613879831332237558 3.9991497461296923177 
0.81899977127785872355 -0.62265612797805336420 -1.4612577112520526157 3.9998887754901035763 
1.8986589683170507215 -0.61473034396674897106 0.018257163017595418042 3.9989965142923464825 
0.41478220261472298347 0.14345563877376310558 0.63670137847480701154 3.6165812922698648002 
-0.88476921275445574722 1.1470104148349782314 -0.71762127218612448143 3.9991048670933921905 
-1.4637946443920837325 -1.3520968294852975244 -0.15263800182968634278 3.9657600338228409242 
1.7238121213748738292 0.18273480656298835001 0.74062067553323440716 3.9804261894025549928 
1.4480673540895643292 1.0385720649339749144 0.49156315941824146876 3.9407091959812210469 
-1.8711932853360471185 -0.11622501224358938732 0.30643329655634865549 3.9995764548212280332 
1.8204313067767805556 -0.69155114923850802278 -0.35902081167689414709 3.9994887353057961832 
1.5843463434329945194 -0.60169653534794986793 0.45733345383298074083 3.9960244634349697535 
-0.81488328425818634670 -0.066418989944358131083 -1.5505975888871352808 3.9995407086028458288 
-0.62376348331938524794 -0.12189078499263072963 -0.51516960503925468551 3.9916391849537400383 
0.23004005364596746830 0.54123335345545831032 -1.3340617258418672186 3.9992784100058855756 
-1.5948459916183952423 0.22135905539386491192 -0.24084819105643484605 3.9992173625406732818 
1.9239324368811709931 -0.31542538335433173424 -0.23770368875805386599 3.9988268402934532553 
-0.60690438349059494527 -1.7505877928250901387 -0.16237586770699830030 3.9915548538879326301 
-1.4423626255531778462 -0.82797086343151071741 0.58313752145683683814 3.9981461129464341830 
-1.4759793406585330899 0.37702916696616650682 -0.25735750234134968650 3.9992504252349454497 
1.9148240311591595564 -0.45313814640179256310 -0.093127119355376097865 3.9988194605674749482 
-0.31174914258960395586 -0.43573265282737727588 -0.59003842812943796403 3.9891530310598102282 
-0.048901691624530396751 -1.8169646938767183286 0.039517927879879843900 3.9993587296483763538 
-1.5774283078477595588 -1.1835167390484662153 -0.033074575471471134858 3.9796528792720855527 
-1.9442762345537247803 0.12415365612194079192 0.43930934591132170253 3.9997858881899706063 
-1.1356707072264793368 0.18352044073306461591 0.18587010919811097764 3.9967403967184451652 
-0.83926186534804037009 1.6182275915404851219 0.20656094277689307503 3.9960303499414209227 
1.3080761536358420649 -0.65650849611143913265 1.1358658843495292867 3.9937227546032398884 
0.015245970890901627826 1.5598683564192039608 0.20665139928166742500 3.9600657361978583992 
-1.1728249694792465263 1.2927173490575534220 -0.79881025239306735486 3.9997147329086324419 
-1.2592988329822523141 -0.79529160375220708801 0.82930795334731066681 3.9990710158754350090 
1.1439835715075918898 -1.4118317322893954024 0.53093655571582154540 3.9994516126851271665 
1.4604657015886512994 0.41731436526699505762 -0.11839163408111086362 3.9825459285427573519 
1.7133481717390210974 0.087787140306697208914 -0.18147660274408172754 3.9951037910077320525 
-1.0621748850355876570 -0.75208109700714154133 0.92251393108995505266 3.9988794997930523500 
1.9859395543536404460 0.073961332936818779960 -0.069447782052455886426 3.9973714604154833019 
-1.4556967373590703474 0.67362916508189241149 -0.28817164528078764718 3.9994265896784844116 
1.2516087029686229215 -0.54180912824305771380 -0.87899932027928240341 3.9994405318435455321 
0.74799352038494415496 1.8233361957239766493 -0.10765348639315178159 3.9886104987767065921 
-1.5874627177805979983 1.0449443238799740463 0.045886608874598056040 3.9994949146707039489 
-1.5390053321797214636 1.2347482394568476405 -0.27834756055979786860 3.9996898878425759527 
-0.94025373844685944391 -1.4013241046830371417 -0.52664353224848803325 3.8255894217154207126 
0.81489305985202742377 1.3883848633757149837 -0.86714409277641846252 3.9973614361949727503 
1.4714516861352833210 -0.32423004724845205793 -0.23282343544590156093 3.9963395115601914043 
-0.47669226159018629474 0.81709130181078504229 0.19372962154991091310 3.9606577485162812735 
1.6743231690673732182 -0.30047902831332029550 0.54726994438609888327 3.9923024082250493372 
-0.57713555547918860000 -0.83062333254398335036 0.88372990056217548549 3.9974545490369184364 
-0.68746267780846093132 1.3122543368349706139 -0.098681913803014165154 3.9936166044410423837 
1.8302423397878371247 -0.71028924600888376784 0.26029789076756959521 3.9987230202662056300 
-1.7784143811405219715 -0.61172910923900958302 0.087748502149630036584 3.9962493346859737642 
-0.83994537948865621857 0.94127496534387944394 0.64540397888905731705 3.9833363274720769986 
-1.2761642284117620250 -0.87602872452616886711 0.43168801972681847268 3.9941303492794517638 
0.91735517778730413241 1.2574717126606236306 -0.53184515902952322897 3.9902001265000079933 
0.97147576279474590066 -1.2462165345422924201 0.29628431389206877355 3.9989596240727744991 
0.45840079316168091950 -0.60779374488490156558 0.36602187431446631116 3.9838250512505117840 
0.68061063917948727564 -1.8132266377242718391 -0.082850404373080999143 3.9998872575668600327 
-1.5741029252652474213 -1.0108421989843834332 -0.26787553555623588863 3.9513047394313516314 
1.4705916059719488231 1.1703492331978073704 0.44666799804873502655 3.9572984689813428538 
1.6369040958175715694 0.36220951089668540490 0.34314124092318110115 3.9752170240111026622 
1.9876130521104324878 -0.11644609702225190706 0.059019023646613127942 3.9975711190665883521 
0.88599118487227634944 1.7586675151687274354 -0.061968368792606864925 3.9862754637197244101 
-1.5410532435106878424 1.0193807815991018373 0.59265553395231052036 3.9990095406068242312 
0.071656643631373029280 1.6743656067363228424 0.64516495660935224699 3.9458482874681384267 
-1.9134564638759234967 0.46958972305852575424 -0.22493821222775542412 3.9998385790717128074 
-1.5643114283380956664 -0.33559706007355794011 0.075509451815002348596 3.9959557613123113384 
-1.1990455417787555525 0.86105279492371722405 0.93571639240927506620 3.9957531033098274698 
0.59663600593973731279 -1.4705103902267233629 -0.23563453889941177177 3.9996552668388045682 
-0.47962262227766094824 1.2223413194870020870 0.91847311318410751468 3.9540240956263756900 
1.3395263320456147760 1.4333684599398364146 -0.23023620917835077582 3.9907700838030506496 
-1.5894002620187634989 -0.41868954023483684335 0.45678405962031565224 3.9987136387942037175 
1.2366021727916889361 -1.4524703020699034628 -0.15307441757976741892 3.9997904996859330318 
-0.013845097075884549298 -1.0761733169490887985 -0.63958563375972765641 3.9946696382839865791 
-1.2614599259065801817 -0.38267198908075661379 -0.97786584931819764410 3.9856140299480955491 
0.41477202209322960869 0.79084061286697182602 1.2367097158986206651 3.3496294219448516927 
-1.5481554454657260322 -0.47409140087688628196 1.1358118900852651745 3.9996719141609475834 
-1.7210807413407067656 -0.28715468885859574133 0.49423682644825328580 3.9993792521427389275 
0.63114013101365618041 0.11913204778651054205 -1.7211945387448006617 3.9998718370970816061 
0.99002021849440335899 0.78803204934509452073 -0.0014693225937114640089 3.9081655759851492427 
-0.84017105710787198802 -0.64908291096232795248 -1.5535415716697891231 3.9975919678766840271 
0.29350546447839009900 -1.8133766652721643453 -0.66382482782353324779 3.9997676075548089791 
1.1061803098514748633 -0.50661323967354121578 -0.31024517892046921119 3.9963209301963527054 
-0.65748274780367221837 0.50079296825845220908 1.5099096245510845726 3.9834800591846666329 
1.0557903709655596103 0.44680469165577174628 0.74319097816285140112 3.6560418440815221075 
0.29549088357043906683 1.7582661563523478421 0.42895382354449784756 3.9581390139620871160 
1.4329576539239612387 -0.68606356304972337945 -0.45976151252894104093 3.9990723510452066414 
-0.56314614855706013330 -1.8754454020921549340 -0.15667687660394036264 3.9959960469042647979 
1.5271968079696196519 -0.65635249048136889982 -0.86041687875589434320 3.9997030098037855694 
-0.49438076248468876273 0.41242538357163294194 -0.43602914804319814479 3.9934263643108796060 
1.1071867659210345991 0.54149481331063098466 -0.92342760052505201696 3.9973944043457838582 
0.25687204815992759066 1.8009086033415329098 -0.23538608005302275039 3.9912318089154226186 
-1.6431158818523061704 -1.0810346400395445254 -0.11184133666638274018 3.9784753723318826424 
1.7060405334609396455 0.82381001240141804587 -0.40407000627423861339 3.9956972216376298590 
1.5182112857080971580 -1.2638511108003840366 -0.081119503363133033114 3.9997074481035497229 
0.23033179489342581192 -0.73742765458852277405 -1.5572834340655425933 3.9998348844216082831 
1.2669682209725685595 -1.0521566609419576999 -0.75650011536804240286 3.9997896532460552876 
-0.18217946773893078927 -0.070535095533002190038 -0.36712695748179724475 3.9909373821603217891 
1.5269168985141083894 -0.44685244389495248907 0.47017133654381404462 3.9926358862502704383 
1.0397056672991191739 0.26085100562165708382 -0.53891001496835855278 3.9904310722469973349 
-0.51273718790495648179 0.96526765527794644584 0.17243494751678367649 3.9696781333953645721 
0.93728507763769197680 -1.5454627681855857002 -0.71554894267098700933 3.9999209713437378078 
-1.0764434473863833119 -0.82901658245954079618 -0.90839373290897218460 3.8649590566031712946 
-0.92900983233795653149 -0.15190740466864860458 -0.016840017019223108008 3.9919526591628553547 
0.58920933473524916835 -0.11065520644402049300 -0.20996188948098337690 3.9777368088266351620 
-0.39080608707890762687 -1.8781493457775639833 -0.49901564425281907944 3.9966959390601117796 
-1.7540325040464668227 0.90507140204490799107 0.12958156012750599029 3.9996775746270092355 
-1.9360637927174271233 -0.36243188562777461925 -0.21864874928364752549 3.9981343081189653077 
-1.0412946777476475013 -0.80319099345780153865 0.17225791619656583009 3.9698030529789010146 
-1.3857519864789189512 1.3760789916598119564 -0.24197578248297890724 3.9995210482408465325 
-0.85303030319147943317 -0.043254645041479689027 0.10012811827615308857 3.9933001875542615267 
-1.7584100802369575511 0.14046657019036290492 0.21702747547197809297 3.9995402393108454575 
-1.6967463304580210348 0.70103335647297848610 0.37762525657057310902 3.9994701339578297983 
0.73429066028344225359 -1.4102394463276644032 -0.29971898243360173275 3.9996768177696080393 
-0.26907398062252685378 1.8360859874011123960 -0.26430478083739544770 3.9961477335333985828 
1.7999877603768985601 -0.13653773229632693020 -0.54653204009440736755 3.9989017810780933537 
1.8816021591329197271 -0.18372429873866896743 -0.14967728811316238779 3.9979591388194544166 
-1.7499942970981954282 0.42630142080325461595 -0.52456989733257997077 3.9997636499048763170 
-1.3315275803735833193 -0.40787326141840418714 0.84321639732603625994 3.9989968309872185870 
1.9524625635739396579 0.37028147487545087779 0.15630478787770513138 3.9939272899091493585 
0.69629295521828016291 -1.1642210434557778154 -1.2361758213882174662 3.9999086653059192642 
0.92766080361979552649 -1.2527956041553847122 1.1015698719950095530 3.9987691372309779325 
-0.12068341229723023034 -0.65297551829468192253 -1.5704583880896991754 3.9995651733701214070 
1.2200332985754109849 1.1953975877345934808 0.66128294125633413358 3.8839162969825995475 
0.13887174600117768719 -1.0836155445568089739 1.3935597664701906417 3.9981049709094174105 
0.88669043050208573575 -1.3986048484433553085 -0.32966052928346589734 3.9997262921472249708 
0.83551102827764411884 0.84109829197724739203 0.46750905634760719920 3.4432364165335784811 
-0.57600159341121548451 -0.10114764903085693426 1.8933162492909074714 3.9960577122717335641 
0.90335057658837758510 -1.1927995660762726882 0.64167285300039189622 3.9983030394319829526 
1.8428006962082261744 -0.35931562063429550724 0.11062431789682625194 3.9974960151685592358 
0.84611991552003606998 0.016846240039127380328 1.2859541950602830784 3.8937229194815889954 
0.42154481006391586462 -0.84053195388762147466 -0.11020453843783761805 3.9966308811957604874 
0.10124374450979267692 -0.37192516279332066276 1.0610480365811874037 3.9633306234620615527 
-0.55818063310924070919 -1.0121576620146277570 0.32281722546566049559 3.9916143584282961498 
1.5071825658751691890 -0.60528739654568686213 0.0040561744608722527516 3.9973591339149980861 
1.2099874440325426583 -0.76015242564534390990 0.65422587721871483524 3.9941081805373328528 
1.7348483231090230383 0.35065013611772399837 -0.051423569994163198515 3.9915533579158739563 
0.53170584030460066316 -0.92230319666359084074 -0.17077885261939340644 3.9977599792679612278 
-1.7561963576076657922 -0.83415078254346708420 -0.0081746127441838511984 3.9918063263179415223 
1.5052568137693227435 1.1617077151713033345 0.50187524935684524330 3.9590926186595347680 
0.33881948107695247785 0.84450441691550381940 -0.51383492901619653992 3.9805475760641413352 
1.7984613662967783299 -0.14342437056452073119 -0.73682133294337925911 3.9993508590309669870 
1.2762814286175019340 0.93192808069586163811 -1.1758374413798520219 3.9992195632814016015 
-0.067674886068947781581 0.90450856121278988553 -0.59709243955515467484 3.9909079132952904878 
-1.0537977690427005051 -1.6168578772052824011 -0.50495798044419082373 3.9512866077912143226 
-1.3771890467198240060 -0.62756454354153934361 0.88095865145543861274 3.9993172015512672424 
-0.14869521715656253136 0.11484660949173419731 0.69477187921616212485 3.8815391511723977835 
-0.96536339092230072367 0.75398684743783528361 0.38588366209870095247 3.9909670400099606091 
-0.98484288794461294358 1.4531747948671676074 0.89086907332543596727 3.9949246818243624446 
-0.26120680375043203725 -0.15785231451225278931 -0.82421186185737327357 3.9967656445511696717 
1.6635499155384398939 -0.61515642151228089318 0.66601964610611275042 3.9965106849472706863 
-1.9106499140114414637 0.50752676432918197857 -0.022585198174988274644 3.9998187476521471773 
-0.50285431821523429718 -1.1414826363944075016 -1.3596345775395213273 3.9951092778946408757 
1.1969974623724048968 1.1156364981721000884 -1.0998863820967381688 3.9989692503740323914 
1.7935357876361290863 0.60221037584916359275 0.16811190241842621784 3.9875429837721481086 
0.98871068632228098494 0.019854848938919200663 1.5261874056669360034 3.9525332462553230961 
0.097357867468647274478 -0.75630739755861031703 -1.7102321064347778545 3.9998681587869464593 
-0.82227019359164899015 1.3305987352607995255 -0.16102280548009595407 3.9963806052789232481 
-0.84555981397349588846 -1.5722608865291878288 0.67301505523889071370 3.9991456060360115465 
1.1775933169258472333 0.88543429442973375920 -0.72870605794690979096 3.9952198464552615143 
1.2931626941636928940 0.079555367617571093319 -0.26867663921214601785 3.9887475404047441074 
1.4964991827208575792 -1.0384307750119070590 -0.24970091716331255238 3.9995290753515466697 
0.93650094750974277602 -0.047424100604620544885 -0.93947655215242187321 3.9983103620741826667 
-1.2609367354507656778 1.4386384116394903554 0.30613923739120152412 3.9985011803716208334 
-1.2337089609265086132 1.1237435221110088079 0.90721516422175096928 3.9968658819976243812 
-1.8085511070481721241 -0.64210307198926952488 -0.26975472049203080838 3.9916396905622608671 
0.19712360396609440727 -1.0521952977320014888 0.057888550066115040948 3.9974827223332041193 
-0.080847396361737100534 -0.47149049989780289494 -1.0849733636633931422 3.9981878222255353705 
1.1495303169611883476 -0.97824090100154437177 1.1139432106962794400 3.9973162813309577324 
-0.60577103611149762941 1.0264862506728698044 -0.84343654749071483856 3.9986909623852220363 
-1.7107967369250083323 0.68024593249925024985 -0.67766852171377878200 3.9998704865098928529 
-1.3030417029056087230 0.20387797485252456831 -1.1444423994226533559 3.9994645119050260540 
-1.9625823464960840958 0.12929570132744527822 0.060148181566339775639 3.9997464441204142460 
-0.48354684280783510886 -0.050484266049898529616 1.1823224276090840146 3.9774664937376384977 
-0.48244565857512977658 0.22007009793580034618 0.22144797397482873791 3.9713796512049936993 
-1.4693204393047181178 0.71641245938615094602 0.88699831812085649929 3.9984923286874383130 
-1.1554923766416580477 1.4318531592222307758 -0.60742329917212134482 3.9995832148157171027 
0.80290538396844723934 1.1630835634557394886 0.98924724798973140416 3.6144094698982280889 
1.9446039073979992651 0.43031925735562948088 -0.15171440258431376225 3.9963644019464168444 
-0.95089913096089517808 0.84941254483333894498 1.2009091085402339161 3.9905742728771227412 
-0.94072489412484161520 -0.28866067216953794627 1.1603240078339007724 3.9967783484831032048 
0.37098867578877259277 -1.8551452735346805056 -0.48947440445073342463 3.9998346601191152594 
1.0200528481926429691 -0.13016484796171146066 -0.86378493030701275490 3.9982267950452645699 
-1.6687995883452284573 0.50841276101785881636 0.73350289869518303654 3.9993337242995194991 
-0.75698419104886083275 0.27204917432717690140 0.96218661711541875192 3.9810067237911561655 
1.3177144572849526227 -0.86979861403944958020 -0.44472311190891344879 3.9993014940043778438 
0.14663121087241082208 -0.11100713274832996191 1.6905580202453940331 3.9736098254185661105 
1.9821730004393667279 0.042721896454272656474 -0.19048226303989540531 3.9979979863696533116 
0.096841965877978442023 -1.4724713880867963400 0.46245422988306450485 3.9992747613642278814 
1.2718895125089453302 0.12777866384543834499 0.76254198127241257232 3.9145702988394424082 
-0.31098352355126346325 -0.77401856975921101700 -1.2633173976824214613 3.9962944773407742538 
0.76483019630701454261 0.29596071343460739200 -0.66336318471612232273 3.9915823750047647600 
-1.0814503978639189441 0.13473480737727516754 1.6374724440817631788 3.9978013640069707257 
-0.94726849231886811609 1.3016770558879915409 1.0612876368798043192 3.9930542719076118630 
-0.86253419557901223058 0.75366969343120615576 0.31140224210292655194 3.9877982358448367251 
1.4894729337009273706 -0.50205065996117637095 -1.1088490933574499664 3.9997893433136484376 
-0.31206747367829379414 0.064385126762840139136 -0.32058407678029987586 3.9900281442389227138 
-0.83691553216856240383 -0.35512458430718663038 -0.28372031364544825216 3.9686654458569443626 
0.89780479327460360750 -0.72095034074489716680 1.0250605375218380111 3.9897882951832359666 
-0.18356938838077097031 1.8517119321379051922 0.15913547755560719654 3.9894603621316586661 
1.4641583553797001827 0.37236355672566068264 -0.35605599056016756787 3.9915707595735496760 
-0.024855509687851995437 1.5916612607373989974 -1.0752053481066088381 3.9992386668387069903 
0.87803785676122059201 -0.12744233650943526115 0.11474616338028287288 3.9579664413989621430 
1.2314375731731730390 1.0372398738630885795 0.91855766351336254338 3.8459035047773095783 
1.9704759658043369264 0.24021362364319825966 0.049687843574380857747 3.9957819899123427909 
-1.8895946535778187503 0.20748273868152322663 0.41532150339118889537 3.9997424224262076997 
-0.15846945090211228546 -0.87891937714671408699 -1.7463335722613966272 3.9997469852596267970 
-0.68332685406823356900 -1.2480306467360091638 0.63285865030750354521 3.9980975107687526382 
0.39236019346500494720 -0.38870718331280418312 0.54049561402879797711 3.9554206267264757635 
1.1679122244101054484 1.6125590485256013906 0.035487451811009401714 3.9829888954341217122 
1.6300452934691120888 0.25510693675582674089 -0.89420096023461725920 3.9990430550046998093 
1.9383212204983313320 -0.45263839207607298176 0.10985805115105728991 3.9984758462736702533 
1.6336860453786723468 0.10694946383633574527 0.25439049282531089879 3.9846610575242156216 
-0.89453879416306225636 0.50695232875692508578 -1.4449042158906184596 3.9998547662887284915 
-1.7682071611326528604 0.64130441142834504475 -0.42808255222598795564 3.9998305321590725825 
0.79430353532175468345 -1.7366402921977219798 0.54219684730604444933 3.9997898206052351355 
-1.4967802776622405325 0.87135900466237892203 0.27143007035018063000 3.9989891330669915526 
-0.16366656097503451406 -0.32118469884226308331 -0.22472899841467874893 3.9905926380187857205 
0.20174906502238609818 0.14658802685960292678 -1.8503836759499765474 3.9999205638080690406 
1.8897855937513314828 0.29558580526837685554 -0.44301331315882014339 3.9980605620099738395 
1.0602372420820129761 -0.80945644032258656786 1.2322462632881967526 3.9949177224393950247 
1.6629855768687757944 0.99421872083432250022 -0.49196468449893238084 3.9965377001540689506 
0.061412019755605840032 -0.096751643472080317565 1.5785469113124723783 3.9667107593130843668 
0.15094973309095527370 1.7234498037787586711 -0.50843558202177441263 3.9954989348124452242 
-0.32098939012310401253 0.47503928899373182304 1.6506036368353933508 3.9675247276334739688 
1.8144122079186222329 0.61091187746932840152 0.29318763456919139099 3.9858763912930323947 
1.2137181261069227567 -0.91478107959562793283 0.20916944960755556870 3.9976652061239592584 
0.22907327611095684716 0.36623523789040524079 1.4025706661462302716 3.7928873525783313170 
0.95027291251764633984 1.1635217299140048208 -0.60942868579348885572 3.9918988331806186665 
0.36422521789103523560 0.22392328227379376671 0.21972452418119670092 3.8107467348580525979 
1.7778777849533873301 -0.84270389218037400347 -0.12097926668292968699 3.9994084193329166865 
-1.2564712776548230266 -0.24130806154887252113 0.037769023027245829383 3.9930855285858108950 
1.7028978992413517091 -0.80054486328471397005 0.30957410507182958614 3.9985734955309419902 
-0.46166010310508065473 1.3507861818950175348 -0.50715362151288900794 3.9963282690451871204 
-0.063440486360820447231 0.77291494065537547087 -0.43418382721612203134 3.9825378225979886082 
-0.15988554968721668814 -1.4910600154842521547 -0.099791340166249575816 3.9961611716259741733 
-1.3116144985617794738 1.2427096700183424272 -0.46871343143278887400 3.9995549208567386934 
0.26697280527072209111 0.32722731662659487739 -0.19927202027688761810 3.9492039720181431051 
1.2593395720267448468 0.72374495888693268775 1.2663549817426293931 3.8868935031809779268 
-0.87926170171702722200 -1.1854929374016107690 -1.2043482321030603011 3.9761487489985931632 
1.9061954009447346081 0.58382077156862888234 -0.018032541324718404097 3.9941281267282264800 
-1.8575809108644998346 0.60107529391696445931 0.30220199620769760962 3.9997279589593426330 
-0.34375559193980631534 1.8656119396397112808 -0.42956880795114099625 3.9979390559174552422 
-1.1933434105178810647 0.011893355837538033271 1.5936611889262046748 3.9986166544651653432 
1.1149158286434661669 -0.16444433256907897700 1.0300684645178581622 3.9479585761425717294 
1.3877923241189842329 0.77397871464862522117 -0.91135397813361496144 3.9982198853481754064 
-0.083265938968285269084 1.3619035037352793527 1.0235481292432879741 3.8950342314903365626 
0.35761149319278340286 1.4995397201362550277 0.51058611977184775732 3.8728383538801236519 
-1.4133882885428072917 1.2646948356968099603 0.069130156786906482580 3.9991836385360666206 
-0.19113674301062522076 1.0915817015432247583 0.23979300719464968772 3.9180626056571745686 
-1.0657840702402565647 0.56501373529911003146 0.31936409157829381833 3.9943644605404577952 
-1.2573613209635516874 1.4819669998987861081 -0.15860908066708540032 3.9992604365724768734 
0.40922832293522581892 -0.56130731040466019799 -1.4867419020627117288 3.9998371985128162720 
1.7131936413711899014 0.59523430001777821730 -0.13311785739924586469 3.9913498931834991978 
-0.76384425017196777574 -0.89539723674859306168 -0.26251220641941164224 3.7559556563990268430 
1.7953282692838237189 0.64475513638734471833 0.42520593189393562916 3.9819041471554115219 
0.15694870618879264157 1.5653877294419475952 -1.0684539947121423076 3.9990543879285800344 
-1.0958604950718213722 1.6016526136358764099 -0.45902748535854998035 3.9994512996545079631 
