# Temperatures
100.00000000000000000 
96.972560972692122050 
94.036775816024913865 
91.189869764948554121 
88.429152058733279773 
85.752013397789767168 
83.155923477482801331 
80.638428596607212739 
78.197149338265731444 
75.829778320956847892 
73.534078017747148692 
71.307878641466842851 
69.149076093929735976 
67.055629977239291861 
65.025561665301182757 
63.056952433719708040 
61.147941646310314923 
59.296724996514470263 
57.501552802054568758 
55.760728351217125009 
54.072606299201247282 
52.435591113016691622 
50.848135563461646313 
49.308739262754990307 
47.815947246440863694 
46.368348598225168189 
44.964575116444336800 
43.603300020905933820 
42.283236698878880588 
41.003137489048057773 
39.761792502283910267 
38.558028478112589710 
37.390707675805721522 
36.258726799041774314 
35.161015953122642941 
34.096537633759858466 
33.064285746474695316 
32.063284655685322377 
31.092588262582285807 
30.151279110920722104 
29.238467519884181911 
28.353290743200471269 
27.494912153714746950 
26.662520452649168590 
25.855328902801723245 
25.072574584959490096 
24.313517676823551028 
23.577440753763994508 
22.863648110744151154 
22.171465104773144361 
21.500237517265293974 
20.849330935703715539 
20.218130154023647549 
19.606038591148834627 
19.012477727131351202 
18.436886556361958611 
17.878721057334178823 
17.337453678460931883 
16.812572839457779139 
16.303582447821469259 
15.810001429946805018 
15.331363276438661813 
14.867215601189410989 
14.417119713804996906 
13.980650204975566098 
13.557394544398738034 
13.146952690875501446 
12.748936714210232779 
12.362970428557449765 
11.988689036868770188 
11.625738786104024669 
11.273776632880641912 
10.932469919245297874 
10.601496058261371758 
10.280542229115061659 
9.9693050814519654779 
9.6674904486647008639 
9.3748130698605649513 
9.0909963202464467713 
8.8157719496761828282 
8.5488798291132255258 
8.2900677047690010113 
8.0390909596845787632 
7.7957123825303087372 
7.5597019434049137487 
7.3308365764221212757 
7.1088999688793572673 
6.8936823568092258085 
6.6849803267205460955 
6.4825966233415543982 
6.2863399631835692460 
6.0960248537488981313 
5.9114714182121161912 
5.7325052254090120840 
5.5589571249725162616 
5.3906630874597860625 
5.2274640493193489377 
5.0692057625517659147 
4.9157386489217342884 
4.7669176585838206606 
4.6226021329882236444 
4.4826556719369721193 
4.3469460046649217588 
4.2153448648236953034 
4.0877278692504042112 
3.9639744004065766703 
3.8439674923761746328 
3.7275937203149505095 
3.6147430932466582121 
3.5053089501047929311 
3.3991878589216044659 
3.2962795190691007718 
3.1964866664596462975 
3.0997149816165543434 
3.0058730005277856101 
2.9148720281984972225 
2.8266260548207351455 
2.7410516744810391465 
2.6580680063291239890 
2.5775966181331315674 
2.4995614521492011129 
2.4238887532352926257 
2.3505069991413209962 
2.2793468329097135161 
2.2103409973224987795 
2.1434242713329711982 
2.0785334084218471951 
2.0156070768196516774 
1.9545858015388339890 
1.8954119081608289399 
1.8380294683249269738 
1.7823842468674386819 
1.7284236505611862977 
1.6760966784068773716 
1.6253538734293766499 
1.5761472759333154947 
1.5284303781738604044 
1.4821580803997955744 
1.4372866482273749522 
1.3937736713046542381 
1.3515780232272354144 
1.3106598226675376662 
1.2709803956808565228 
1.2325022391525821686 
1.1951889853520334395 
1.1590053675594009785 
1.1239171867333146437 
1.0898912791875294825 
1.0568954852461811544 
1.0248986188479833892 
0.99387043807064012757 
0.96378161654761385080 
0.93460371575023259982 
0.90630915810894052687 
0.87887120094828496963 
0.85226391121100719683 
0.82646214094734460343 
0.80144150354638044043 
0.77717835068697427303 
0.75364974998648914806 
0.73083346332618992491 
0.70870792583282704591 
0.68725222549653985915 
0.66644608340581568129 
0.64626983458082321032 
0.62670440938700533451 
0.60773131551136383433 
0.58933262048440127057 
0.57149093473120027298 
0.55418939513562137655 
0.53741164910208416572 
0.52114183909986877552 
0.50536458767532932423 
0.49006498291785288712 
0.47522856436582811002 
0.46084130933930211871 
0.44688961968640744660 
0.43336030893103338890 
0.42024058980959327902 
0.40751806218510883140 
0.39518070132718807752 
0.38321684654681981153 
0.37161519017524285990 
0.36036476687647317485 
0.34945494328338777557 
0.33887540794756987328 
0.32861616159341638932 
0.31866750766729617927 
0.30902004317282710799 
0.29966464978360929372 
0.29059248522501485157 
0.28179497491688887401 
0.27326380386926252264 
0.26499090882341841402 
0.25696847063088040786 
0.24918890686312494820 
0.24164486464502882290 
0.23432921370527992622 
0.22723503963718261200 
0.22035563736348801056 
0.21368450479907274975 
0.20721533670547603867 
0.20094201873148703763 
0.19485862163414968684 
0.18895939567472325171 
0.18323876518430157190 
0.17769132329395498360 
0.17231182682441398279 
0.16709519133046452088 
0.16203648629537126258 
0.15713093047078680042 
0.15237388735774221038 
0.14776086082444778169 
0.14328749085676237285 
0.13894954943731455121 
0.13474293654938082621 
0.13066367630174419157 
0.12670791317086996242 
0.12287190835684766443 
0.11915203624965449436 
0.11554478100240042626 
0.11204673320831633199 
0.10865458667834422546 
0.10536513531628396989 
0.10217527008854303261 
0.099081976085625245165 
0.096082329672581165414 
0.093173495725726820926 
0.090352724953019131204 
0.087617351295555284674 
0.084964789407740201610 
0.082392532213740321545 
0.079898148537914326361 
0.077479280806981090657 
0.075133642821753082730 
0.072859017596329220257 
0.070653255262704842132 
0.068514271038818255755 
0.066440043258113576363 
0.064428611458757209518 
0.062478074530702240597 
0.060586588918849257346 
0.058752366880605422228 
0.056973674796194868908 
0.055248831530123394817 
0.053576206842248862150 
0.051954219846955425333 
0.050381337518975360945 
0.048856073244446192316 
0.047376985415833704207 
0.045942676069392791860 
0.044551789563878355094 
0.043203011299257423894 
0.041895066474211470342 
0.040626718881254617055 
0.039396769738328854538 
0.038204056555772067383 
0.037047452037587851048 
0.035925863015978748427 
0.034838229418135843729 
0.033783523264308147616 
0.032760747696204843560 
0.031768936034812074454 
0.030807150866733697125 
0.029874483158192584320 
0.028970051395854942711 
0.028093000753665678393 
0.027242502284907307852 
0.026417752138718785665 
0.025617970800333750986 
0.024842402354320110985 
0.024090313770124573839 
0.023360994209246900566 
0.022653754353389028015 
0.021967925752944070933 
0.021302860195209424865 
0.020657929091726819071 
0.020032522884170293059 
0.019426050468220538991 
0.018837938634881104538 
0.018267631528708406369 
0.017714590122443488185 
0.017178291707549007278 
0.016658229400169876494 
0.016153911662050657316 
0.015664861835956896130 
0.015190617695161279244 
0.014730731006568830929 
0.014284767107068224376 
0.013852304492708801889 
0.013432934420315012503 
0.013026260521161722727 
0.012631898426345274100 
0.012249475403496207920 
0.011878630004490284278 
0.011519011723824841217 
0.011170280667337597821 
0.010832107230954792290 
0.010504171789165028111 
0.010186164392924381555 
0.0098777844767072506271 
0.0095787405744260558510 
0.0092887500439513062678 
0.0090075387999716469145 
0.0087348410549414057247 
0.0084703990678707992423 
0.0082139629007213568745 
0.0079652901821763277129 
0.0077241458785627988698 
0.0074903020717089954100 
0.0072635377435268265109 
0.0070436385671160577429 
0.0068303967041926771236 
0.0066236106086499969836 
0.0064230848360668224561 
0.0062286298589826413763 
0.0060400618877652495486 
0.0058572026969014954340 
0.0056798794565469700249 
0.0055079245691754246533 
0.0053411755111735289420 
0.0051794746792312501213 
0.0050226692413826738368 
0.0048706109925564658805 
0.0047231562144994642533 
0.0045801655399409901132 
0.0044415038208695098096 
0.0043070400007971356218 
0.0041766469908912414594 
0.0040502015498561196385 
0.0039275841674511471555 
0.0038086789515353659287 
0.0036933735185317238640 
0.0035815588872074402040 
0.0034731293756701084492 
0.0033679825014821772322 
0.0032660188847994059240 
0.0031671421544417432091 
0.0030712588568078545877 
0.0029782783675472040454 
0.0028881128059062119613 
0.0028006769516675305773 
0.0027158881646039312492 
0.0026336663063706764430 
0.0025539336647625527146 
0.0024766148802639769734 
0.0024016368748227510943 
0.0023289287827801498018 
0.0022584218838920572421 
0.0021900495383778474136 
0.0021237471239356204948 
0.0020594519746642649984 
0.0019971033218346163213 
0.0019366422364537330333 
0.0018780115735680046832 
0.0018211559182524481200 
0.0017660215332351463565 
0.0017125563081073246537 
0.0016607097100710605572 
0.0016104327361780778824 
0.0015616778670144806397 
0.0015143990217876550537 
0.0014685515147728868748 
0.0014240920130785315965 
0.0013809784956898176877 
0.0013391702137525748721 
0.0012986276520593471699 
0.0012593124917014905662 
0.0012211875738519562852 
0.0011842168646445279390 
0.0011483654211163177479 
0.0011135993581813338239 
0.0010798858166039021662 
0.0010471929319416733127 
0.0010154898044288614752 
0.00098474646977124978033 
0.00095493387082535836994 
0.00092602383013500966322 
0.00089798902329933118476 
0.00087080295314702642253 
0.00084443992469250377109 
0.00081887502085019369183 
0.00079408407888409936193 
0.00077004366757032387605 
0.00074673106505098699355 
0.00072412423735860166705 
0.00070220181759061181103 
0.00068094308571440837884 
0.00066032794898373582682 
0.00064033692294798055019 
0.00062095111303639102286 
0.00060215219669982472661 
0.00058392240609314257672 
0.00056624451128188361959 
0.00054910180395734717405 
0.00053247808164469086559 
0.00051635763238911920950 
0.00050072521990568810181 
0.00048556606917869011251 
0.00047086585249700966963 
0.00045661067591224927366 
0.00044278706610682757325 
0.00042938195765963795177 
0.00041638268069723146292 
0.00040377694891885273316 
0.00039155284798401041079 
0.00037969882425160699987 
0.00036820367385998468328 
0.00035705653213756607207 
0.00034624686333408128585 
0.00033576445066267596564 
0.00032559938664348820605 
0.00031574206373956818913 
0.00030618316527628920178 
0.00029691365663566825130 
0.00028792477671727313010 
0.00027920802965764534524 
0.00027075517680041243703 
0.00026255822890950032559 
0.00025460943861808574143 
0.00024690129310615230480 
0.00023942650699972884234 
0.00023217801548509902796 
0.00022514896763147420754 
0.00021833271991581818514 
0.00021172282994370392076 
0.00020531305036026754191 
0.00019909732294550453444 
0.00019306977288832712753 
0.00018722470323397124030 
0.00018155658949950463860 
0.00017606007445234749041 
0.00017072996304686981488 
0.00016556121751428056312 
0.00016054895260116715944 
0.00015568843095218541346 
0.00015097505863253567258 
0.00014640438078599332964 
0.00014197207742438973680 
0.00013767395934456401561 
0.00013350596416892670831 
0.00012946415250589295696 
0.00012554470422655616860 
0.00012174391485408317176 
0.00011805819206241818873 
0.00011448405228098644884 
0.00011101811740218831275 
0.00010765711158857199008 
0.00010439785817666717683 
0.00010123727667455322899 
0.000098172379850324149354 
0.000095200270908698506230 
0.000092318140753105737200 
0.000089523265330661199791 
0.000086813003057520379759 
0.000084184792322179022761 
0.000081636149064359287840 
0.000079164664427193646274 
0.000076768002480487475660 
0.000074443898012908519624 
0.000072190154391016449231 
0.000070004641483109011826 
0.000067885293645922415579 
0.000065830107772283202026 
0.000063837141397866267408 
0.000061904510865269557116 
0.000060030389543670343851 
0.000058213006102380319637 
0.000056450642836667743536 
0.000054741634044264285875 
0.000053084364451022172178 
0.000051477267684233579681 
0.000049918824792169348822 
0.000048407562808437772301 
0.000046942053359806555559 
0.000045520911316172086398 
0.000044142793481400083961 
0.000042806397323800261009 
0.000041510459745035058752 
0.000040253755886298942662 
0.000039035097970639889419 
0.000037853334180328874591 
0.000036707347568216326943 
0.000035596055002046594049 
0.000034518406140732655089 
0.000033473382441623477789 
0.000032459996197825744196 
0.000031477289604670116697 
0.000030524333854439605342 
0.000029600228258504550171 
0.000028704099396034370156 
0.000027835100288481580465 
0.000026992409599057801416 
0.000026175230856445128345 
0.000025382791702009175976 
0.000024614343159802286239 
0.000023869158928666943766 
0.000023146534695770337904 
0.000022445787470921227066 
0.000021766254941039976781 
0.000021107294844171602789 
0.000020468284362450207326 
0.000019848619533441035258 
0.000019247714679303788319 
0.000018665001853237678150 
0.000018099930302685022794 
0.000017551965948786010552 
0.000017020590881592674451 
0.000016505302870564933499 
0.000016005614889886081827 
0.000015521054658149069318 
0.000015051164191978476587 
0.000014595499373166331445 
0.000014153629528912617719 
0.000013725137024773744843 
0.000013309616869934260937 
0.000012906676334428718466 
0.000012515934577951914533 
0.000012137022289906676637 
0.000011769581340348986477 
0.000011413264441500515717 
0.000011067734819508676453 
0.000010732665896143928389 
0.000010407740980133503724 
0.000010092652967839826509 
0.0000097871040530006971628 
0.0000094908054452569237235 
0.0000092034770972013552829 
0.0000089248474396913401481 
0.0000086546531251744358653 
0.0000083926387787847842546 
0.0000081385567569748778913 
0.0000078921669134546188357 
0.0000076532363722164144438 
0.0000074215393074318135614 
0.0000071968567300116280961 
0.0000069789762806278224556 
0.0000067676920290015358912 
0.0000065628042792675387853 
0.0000063641193812311617285 
0.0000061714495473393046244 
0.0000059846126751925388224 
0.0000058034321754305457112 
0.0000056277368048282190954 
0.0000054573605044446799370 
0.0000052921422426722360911 
0.0000051319258630369309055 
0.0000049765599366068443289 
0.0000048258976188686401984 
0.0000046797965109370893936 
0.0000045381185249663880165 
0.0000044007297536360674248 
0.0000042675003435881393230 
0.0000041383043726958545293 
0.0000040130197310480717152 
0.0000038915280055367569196 
0.0000037737143679385214987 
0.0000036594674663844261194 
0.0000035486793201154691777 
0.0000034412452174242895974 
0.0000033370636166866209343 
0.0000032360360503889585115 
0.0000031380670320617308297 
0.0000030430639660300121508 
0.0000029509370598964766475 
0.0000028615992396738792366 
0.0000027749660674868469561 
0.0000026909556617651995457 
0.0000026094886198533688287 
0.0000025304879429627700953 
0.0000024538789633961949471 
0.0000023795892739754405993 
0.0000023075486596054760311 
0.0000022376890309104600418 
0.0000021699443598788892711 
0.0000021042506174570498999 
0.0000020405457130317881981 
0.0000019787694357454061379 
0.0000019188633975872098845 
0.0000018607709782079288070 
0.0000018044372714048434506 
0.0000017498090332270438026 
0.0000016968346316517695638 
0.0000016454639977842681355 
0.0000015956485785350468382 
0.0000015473412907297934808 
0.0000015004964766085902058 
0.0000014550698606723622472 
0.0000014110185078357727316 
0.0000013683007828470153396 
0.0000013268763109361456727 
0.0000012867059396547617073 
0.0000012477517018709649787 
0.0000012099767798846251181 
0.0000011733454706290348703 
0.0000011378231519260621294 
0.0000011033762497629079872 
0.0000010699722065595396947 
0.0000010375794503968089102 
0.0000010061673651761693930 
9.7570626168279070035e-7 
9.4616734952471920267e-7 
9.1752270992156327668e-7 
8.8974526931698506095e-7 
8.6280877379005704190e-7 
8.3668776424130036218e-7 
8.1135755232994955600e-7 
7.8679419713970278266e-7 
7.6297448255090177329e-7 
7.3987589529775549701e-7 
7.1747660368986773307e-7 
6.9575543697795765744e-7 
6.7469186534427051030e-7 
6.5426598049876653380e-7 
6.3445847686274832880e-7 
6.1525063332214232659e-7 
5.9662429553318889091e-7 
5.7856185876381649041e-7 
5.6104625125448286056e-7 
5.4406091808275682375e-7 
5.2758980551638993927e-7 
5.1161734584008899967e-7 
4.9612844264164942345e-7 
4.8110845654354136878e-7 
4.6654319136646364513e-7 
4.5241888071178765744e-7 
4.3872217495020955267e-7 
4.2544012860431297387e-7 
4.1256018811311720365e-7 
4.0007017996704589156e-7 
3.8795829920210270796e-7 
3.7621309824237839188e-7 
3.6482347608034447975e-7 
3.5377866778470690383e-7 
3.4306823432590282222e-7 
3.3268205270962442114e-7 
3.2261030640904428034e-7 
3.1284347608669932500e-7 
3.0337233059726403181e-7 
2.9418791826270899637e-7 
2.8528155841159915470e-7 
2.7664483317453429167e-7 
2.6826957952797767299e-7 
2.6014788157895294835e-7 
2.5227206308331706006e-7 
2.4463468019053796750e-7 
2.3722851440811982027e-7 
2.3004656577902570971e-7 
2.2308204626564998693e-7 
2.1632837333408668843e-7 
2.0977916373263026631e-7 
2.0342822745862852024e-7 
1.9726956190798537323e-7 
1.9129734620178374235e-7 
1.8550593568466667999e-7 
1.7988985658977642689e-7 
1.7444380086520936041e-7 
1.6916262115709678442e-7 
1.6404132594456987043e-7 
1.5907507482201063161e-7 
1.5425917392412988347e-7 
1.4958907148954803524e-7 
1.4506035355868597808e-7 
1.4066873980189951800e-7 
1.3641007947391465335e-7 
1.3228034749073966067e-7 
1.2827564062534652580e-7 
1.2439217381852558884e-7 
1.2062627660142688305e-7 
1.1697438962640693129e-7 
1.1343306130290191043e-7 
1.0999894453514779264e-7 
1.0666879355866398569e-7 
1.0343946087251052542e-7 
1.0030789426441928091e-7 
9.7271133925987525983e-8 
9.4326309655207264742e-8 
9.1470638143686244795e-8 
8.8701420345996715963e-8 
8.6016038928665601592e-8 
8.3411955796394844346e-8 
8.0886709693173996457e-8 
7.8437913876017626627e-8 
7.6063253859128923985e-8 
7.3760485226357384828e-8 
7.1527431509882974716e-8 
6.9361982133121865408e-8 
6.7262090415909422213e-8 
6.5225771640075065522e-8 
6.3251101173580725623e-8 
6.1336212651449746429e-8 
5.9479296211767204599e-8 
5.7678596785084107514e-8 
5.5932412435608927553e-8 
5.4239092752618495597e-8 
5.2597037290568008274e-8 
5.1004694056425676343e-8 
4.9460558042802467460e-8 
4.7963169805490403317e-8 
4.6511114084065037522e-8 
4.5103018464248365089e-8 
4.3737552080767834491e-8 
4.2413424359485560784e-8 
4.1129383797608790073e-8 
3.9884216780828737314e-8 
3.8676746436269852929e-8 
3.7505831520165309437e-8 
3.6370365339207487277e-8 
3.5269274704553863777e-8 
3.4201518917499778085e-8 
3.3166088785859303598e-8 
3.2162005670124615808e-8 
3.1188320558502288282e-8 
3.0244113169952305967e-8 
2.9328491084382008496e-8 
2.8440588899172918001e-8 
2.7579567411243165155e-8 
2.6744612823872506517e-8 
2.5934935977540203155e-8 
2.5149771604048840845e-8 
2.4388377603229072570e-8 
2.3650034341541701254e-8 
2.2934043971914153883e-8 
2.2239729774168475463e-8 
2.1566435515417489431e-8 
2.0913524829824554763e-8 
2.0280380617140723337e-8 
1.9666404459450822646e-8 
1.9071016055577190995e-8 
1.8493652672606494742e-8 
1.7933768614021240122e-8 
1.7390834703933268894e-8 
1.6864337786931790216e-8 
1.6353780243073188551e-8 
1.5858679517554227119e-8 
1.5378567664624110115e-8 
1.4912990905304330098e-8 
1.4461509198498273231e-8 
1.4023695825085217581e-8 
1.3599136984605641596e-8 
1.3187431404156631648e-8 
1.2788189959127738142e-8 
1.2401035305418838031e-8 
1.2025601522792359570e-8 
1.1661533769022813073e-8 
1.1308487944516729184e-8 
1.0966130367086024112e-8 
1.0634137456567401570e-8 
1.0312195428989715236e-8 
1.0000000000000221894e-8 
