# x  y  z
4.3775435964219271412 -45.179483594648701228 
4.9323915859026365993 -29.741660194850012999 
9.9672872785204020829 145.71564084877070400 
5.0701306863631065980 -3.8015030217108574107 
7.8638753883542005241 -87.336454450197493315 
1.5913734404566837188 4.4973281851425213063 
8.6136000664458407527 101.39744479869693805 
7.3801357455826837040 -42.512076932280017161 
6.4322587786805360821 -89.911685991893477876 
6.9039713987035389309 -29.255275484295808042 
0.78502387234431858509 -2.3354682975723073390 
2.6234664668531069154 18.748750371685218852 
4.9511063439325342372 8.7742034474432841762 
1.7844601269584488001 -14.538419637266521534 
0.83180110045583632861 9.7669094681770030064 
1.9175727288698001249 7.1711164100471762595 
9.8516812448110133715 128.07700033137510331 
4.3267264261349813737 -52.412887293918295484 
2.7930785629916083934 -12.970281822244192682 
7.4185911103300972158 -66.051944167920865425 
9.0752878316988940810 -30.411186763791107524 
4.9053694849964397662 0.62150753462979935193 
8.8496394255339332346 -4.3012699145316872773 
1.7464953213606388971 19.305959436191905354 
5.5143656211586584703 -42.198623106827739093 
1.8611557619912630912 16.307605460229879668 
8.9860077038717367515 -13.008931718468645045 
5.9024802182443787402 61.292957131705037455 
3.8833264721817117859 39.504365596019162865 
1.7337159636830303810 17.747381872796488267 
4.6192568483072973251 -57.294138190147641865 
9.3212447557505928586 18.302750481082028955 
4.4254347713575672429 56.126877113952843956 
2.6438595752466147459 -23.268102679121753340 
5.9509553963550052558 37.133717989306234131 
9.4764403215686989768 64.788487885857875881 
9.5246605270893951456 -88.304435738882460782 
1.6626686089802902302 -5.7230874333098498141 
4.7709672128886202458 -47.048163584552064265 
7.9650529644529530771 40.760257171354396633 
3.0215902295077339268 20.692408348998974077 
2.0661496136863464201 9.0035070231131051344 
4.3264398115011699630 -57.254030106325643601 
2.5861604779890687844 30.449040356943619656 
6.8209640533548778762 -3.9269194991660896221 
1.1282504066107663654 6.1852727216900866836 
3.9156226868967110022 1.0864242109426029970 
6.0223695791726816751 -28.329631674002648367 
2.2264448487272616717 6.8181913893717407404 
7.8414141118432914013 -35.385453750426123065 
0.98368698337666216069 3.5187748803356306837 
9.3690724446437130268 -124.25634530298091818 
2.2373519124911824818 7.2893930785797920180 
6.5532322772404683064 -62.690552112359029024 
7.8266408818477879450 -72.624516674630427815 
2.0277262714564434631 26.291449740574670102 
8.3319656135564432731 -58.840528369875919168 
4.6439603675000080685 11.289835334748019591 
5.3168596792048550270 -50.264669508708266221 
9.6592325857178380488 -13.454970951360749609 
1.6034658362514844221 14.737172635503338114 
0.93529934093565914033 7.3917876408694134227 
8.5161599258602578288 111.22640488810984039 
0.67709308502823595255 2.1395245407477156974 
1.4284773503806402761 -1.8482081320377243827 
5.3997067021628391004 -50.334378840484617967 
3.5813369536438486307 -43.653169134150338948 
2.2404269993352885493 -21.466950907421079364 
4.0533910599016040877 0.24270879699008673924 
4.6704015830853684577 27.907212330238266418 
6.3904996383565455531 -23.759843422268900781 
2.9750200183516826158 -12.853267017384155224 
5.5343192522845123804 42.092118998817568354 
7.9047888002840647204 -100.42405683143978479 
4.5973601622873276895 59.230580870175160157 
8.3628272078098735420 -32.422425624449957127 
4.5380573221248488025 -10.143187749992662816 
9.2657335024051832306 109.00027527186276188 
7.1130374692334816800 104.15539331587740435 
1.4298307796523641588 -13.230684748372301129 
1.4057383104117404660 18.460343637814990103 
8.2610380489084125344 -13.254110070844944858 
1.4624603306022647686 5.9395516447560687823 
9.3459523600803073862 115.20747198693842961 
3.3207386887005574394 29.193348005001112710 
2.5188084979914360240 -30.423078120834357918 
5.2716363951344202832 27.616261843184034319 
4.8096748836051084197 -26.038708853436418167 
7.4219147160115630513 -91.973102916549621000 
8.4336712786728913471 -83.523541689316743941 
5.3085326104242192002 77.296287876476085899 
1.0727145759654930224 7.0835016918721578350 
9.0703185432357820162 72.490844140910382976 
8.2512647179944877962 30.815784373431384324 
6.2784527772124780753 1.8475108204290080494 
6.6266572875474221149 -57.394948885874676137 
2.5147469730391591725 34.037726315886651207 
3.6985559114293655725 -25.350758294935044290 
3.3789688386873195647 40.846208997064934465 
2.3929699467655218825 -23.445358553216497199 
7.8466084675515563873 27.638614688959620480 
2.4153542780841958937 1.4429280129655310816 
5.0651621237211559290 -69.083926118257380722 
2.4432345804853410343 22.925161181705526303 
1.6194660949643819858 19.300821897437270280 
6.1466210454610559211 68.697570294951219694 
8.1098827096760057742 -107.51625387437913162 
3.1729585203409560457 -9.6979475752296977475 
7.7545584621614187526 -53.069025628820774898 
8.2248020187333601427 1.7922746517753296303 
8.3047411685531535852 47.661846901077623784 
4.7175145989873881192 10.168663830974139728 
3.5261806310464436365 -13.334274013507467771 
7.2489623448803506278 -56.148013832542098100 
8.2518487606940666979 9.7074893509234385647 
0.97174767727252664429 2.1044842954109785893 
7.9587888580273027372 1.5481763057324684496 
8.4866593168289305993 -22.355016694700353241 
8.2710448907791569439 -57.030720640572312163 
3.7653239331295016434 -44.458824407213953123 
8.8636954902865952022 6.0778672945600362709 
1.3692639865712989966 -3.8794513267614423313 
8.8622159149166126468 44.711390605203291670 
8.9957028438966784023 36.105844446375243706 
7.8776506253738283192 -4.2157449287699790830 
2.6344497121882981538 -31.167961815581104901 
8.2753311659023616187 6.0639781711500972960 
0.67735799897488324639 -2.9078257729062610970 
3.2053072976418279794 4.0838376234580167079 
4.4778913880252808610 58.401840344783479964 
5.3801836938375906527 -45.210827727217534289 
5.6876150566804781761 -15.261796884424981613 
4.2757510573197228254 -37.128061358351047261 
9.0289892965468681041 51.284590166678810874 
4.7698370055593510841 3.8040887099358542400 
9.4816565518769486687 52.618402683637526707 
4.0073646039150512266 -52.874712272541259495 
4.5095894377576000167 -45.186773467334433008 
5.6727277085807488177 -75.573564662080528365 
9.4803085867133258802 -33.305142531255768290 
5.4675672794155527612 -48.560247604491721063 
3.0393091810280106202 -35.861024399257892981 
4.6535768072757353053 6.2180117243597692323 
3.8620810574964847817 53.187542070118254856 
0.70329818460890658471 -2.0084401656398904734 
1.6800169517958187804 16.814031547420224655 
4.1053392053846033960 -10.335873328217942912 
3.4602436176633286635 17.163942439781450844 
1.3452958106948860184 9.5167323260751288672 
2.0391429102951570407 -15.030754195030798570 
8.9177500307778174715 -59.069366158743662254 
2.9068462155070586839 -20.483579129274517072 
4.9005181406572928537 -11.674957606358070450 
3.5690849019494326200 2.3907757994404050805 
5.0465099609820756044 41.859088331840368369 
6.7355443736211322303 -56.316994455393995622 
9.1772623306374185859 9.8342176676129895441 
6.7293988369879613742 29.466392793311044329 
5.5596033532947117806 -47.969310830057352746 
1.7613339633323781275 9.9841160819128411674 
6.5926883889512239989 -68.711171937474688320 
7.2615275479764642697 63.836224895956590331 
3.7229816498384469270 -41.225075241131136750 
6.0396988028339206878 53.315774249660861983 
2.7407109815061700964 -23.114054076154694428 
2.8482756968388702745 4.4882156587219697030 
2.3541982351346111280 -13.175901022665907902 
1.4902667812191638941 3.8037336050821188849 
8.9974151067355645495 -98.919273537267613960 
3.5652863292442669163 21.924197504575566597 
7.6494174063180473411 36.380913878792554783 
4.2063649189488101499 -18.353049440508399925 
1.5427924611014571799 6.7243442133150779227 
2.4707221165825465903 25.122433105446461354 
7.4723550730545298393 -79.860102019543887764 
6.2838417034383651227 -45.448279805017527622 
6.2900616518930165810 9.6030518089593641662 
1.5934650881033967096 -2.2689149773257195619 
4.1385840574767058797 -25.501542042508948072 
0.37025970661082513447 3.4344752893874104238 
0.79818394739073306177 5.2080928397832657595 
2.1860179460871638213 -3.1747957914037741034 
4.5146893923998279163 -19.572120129006904676 
0.77728331258263083647 1.6612591189704568606 
4.6744874042900610434 66.255950673697398656 
2.6151562854008871817 26.973725336830085553 
6.7460435510478165000 -62.123919799870442660 
5.0206395037770832346 55.569611238697717681 
3.8213243593011836374 -23.752611804513882987 
9.9895303344324464234 -67.328578986563385911 
0.62575790150446164439 6.0128907935402224894 
1.8637470802078885956 1.5825041794306358156 
5.3242567146436829972 -20.230324765796375175 
2.3275224041939459596 4.6196146415360885840 
3.0016277890874034640 15.793927095897409174 
7.9946662267266024315 59.793272640245405114 
1.9014483441939966646 -22.262767563001649052 
3.8875461742637189566 10.492274644333527078 
3.0583800743251536858 -25.069748329471259751 
5.4853921838287140744 31.027356202576470423 
1.6000929862829971206 -0.89837554583736078939 
6.9495773207940567673 -77.525082502611340374 
7.3590182697920569765 -18.427053798430193865 
8.9924168844807308432 -102.12727586564486160 
2.6911509133801865268 -23.219123867999677202 
8.5660934515561635294 33.847394607832939073 
6.6288828886565420717 36.702067135709341983 
0.43864905067234782887 0.37164210605146430488 
2.2138979335510979851 0.86173627545941400285 
3.8297718572501735501 16.271697401314895615 
9.2609882210023215521 4.2464670505638650866 
9.8170580893257568533 136.76678352935468297 
6.8730817031892286195 -49.911905061433081698 
0.64937876906891078832 3.8052291329956444699 
2.6598357885237189357 31.143844084707588138 
2.5731660099398880881 12.431216359616421130 
8.8136058155454684027 -93.675427188235630638 
7.9293693678202226138 -9.6040017021001204967 
4.2595768140679899361 24.509335369334500854 
2.6173650296557831041 30.118025067794945926 
4.6934374447512903217 35.142349129869231206 
1.1222076702219370148 10.704626035176158183 
6.9494320638120949951 -2.6037166099510500317 
2.7133348432998785071 11.559672748149274923 
3.8698176337098844080 -26.660207523457486900 
3.2478915003397372807 29.877487051223283743 
7.8152803141265652087 -44.117463457973258301 
1.8290941969710374781 -10.425911683282633291 
0.37768008333806468713 3.4335943473554650929 
8.7700245407127308539 -57.297456099246645067 
9.7114041211445876201 65.010543223401754176 
8.5040375037948017223 51.666516237893816310 
6.1314176274875400452 61.015696538516948522 
7.6534765218791438457 59.359239904075749905 
8.5864628683370138873 36.803356112107621811 
6.8246026510245885177 -30.035929827505512435 
2.5077019193892686744 34.232807730836888993 
2.7981984066227156838 -1.8895182512888268889 
5.9659388486893609738 -63.179453120786661202 
6.2393313672566996786 -25.578071918597679257 
9.4432672179519432376 17.732197400066638693 
8.3148093515938938936 -99.432639897509076832 
6.2605198941858075656 69.308194044784045218 
0.61295377660139305220 6.4249602923627087137 
2.5504710744913765552 15.821999734419051720 
7.0530052392770592462 -8.9953936879232401225 
2.5244959428137714319 32.798402961824201896 
1.1621132796326065773 -8.4185935878660878018 
2.5898193300310454745 -5.3536404399004418053 
2.7920158119186395673 -4.7350948409078199575 
9.0779734989882658880 -77.870666997166949841 
5.7261830509561759683 -45.899628982982164871 
4.6111468326152804664 -2.8609682882332236886 
4.5161088857074185299 40.735731200237708549 
9.3188500032834991060 -37.193431336287346767 
6.8651477100630549089 19.541398070807360909 
7.8684565044455823113 90.076982742560943507 
1.6004792566119105945 -13.783546643763170181 
2.1180716498727791830 3.5875580390471206726 
3.5899382711201295315 0.19765532019452081158 
7.8732790489342248108 -44.942121380044710577 
1.4991941255757093021 0.21787341182461261724 
0.32327817295007321707 1.5668306492849308764 
5.5316869466835125735 -20.641082257741899753 
9.3257619493773571406 66.047624698840564861 
2.0486008318798525352 9.8187810700540012476 
4.6855082607806233241 1.0303021061211836695 
8.3898946800789193645 15.768777651145228447 
4.4346462617628237268 -25.713805245298111402 
9.3973246162971744155 -104.49026841366530505 
1.9497503903203472486 7.4140759271460829893 
7.6284333340368339904 72.699994378605211409 
1.5128831000590536870 -7.3938254858892644705 
7.5729569797087616934 -62.272242791147405683 
0.31939823894280194860 2.1764450424256396310 
2.5643011302139240293 -9.2489441486373813461 
2.6063465611986558201 21.855413850118509345 
7.5176613775017440133 -27.457796495707228246 
2.0491038936440859608 2.5393367534075110825 
6.2357575066597306090 45.552204788388934276 
8.8632055959222064700 -125.73080280648127882 
1.6681799270832453619 5.9544787104402487898 
7.4422075054649532433 -73.280810085408717214 
0.33059342944076480775 2.5051097704925382459 
8.8499030431142919895 -108.91123225383975637 
2.9892543267993501033 16.018936621390494679 
7.5571934380011391852 44.497081211112757160 
9.1934142856946774458 -20.241753987792648672 
4.4895743406077199822 -2.8833620371249395475 
2.5515324654635636037 33.403227265367164023 
7.4067410751149855841 18.354640252439480719 
4.9465009162141297949 -15.607803976450931316 
1.1363774622468663100 -7.0848558113290067695 
0.98445597088348058001 9.3862684627645833757 
6.1116421904023709999 -79.181887642514126924 
9.0137774171806945844 -7.8227708493525085487 
8.0457506253482442560 -24.033408439909578647 
9.3489466596964696521 72.733876256967306517 
8.9326481938039101749 -127.44824077643984594 
9.1991308335572181676 -14.710102989299855381 
8.2669931892219743474 -4.1683822279375704056 
9.4705604540456871376 -119.80363077322115828 
9.5595684304029298062 -58.026163147208961846 
3.1369743210316638482 6.4487564724501424962 
2.1604930696779218735 23.206572749521171772 
5.4649218375144084092 -47.855728289306995293 
5.0359502410923013827 28.198143301682108586 
8.6094514119267611107 42.572498922075226346 
6.1018591035462108607 49.376255855268169626 
9.6091064105629371284 -130.52024469783063410 
1.5487322903179676636 0.17632350730650969695 
1.0968221691436308429 -9.8807771027904678363 
6.3477621345615373727 -79.552899650590376268 
7.6516936117823100005 31.206406267377289510 
3.5201797791153932593 46.258999510536511934 
1.7814947344245417593 19.643047755250652386 
4.9657951288781285726 65.848770109288579988 
1.4191185947072040285 -12.184934694276474687 
8.5205870542884287744 -68.816701211508870983 
7.4281241401422448689 -87.154734986873066305 
4.1400840448825828588 55.515875305838960685 
3.4146938383053826449 -18.058555136482791426 
3.4436610726111793745 -8.6277180865409590638 
6.3707539451599712876 47.685809207898856243 
0.76870387368664960803 -3.9781452972046684735 
1.8050690595451104326 4.4081371666504090001 
5.9944661647060666354 71.496401471319899201 
4.8492897937041057332 32.195933055871890360 
8.9011220165179700814 -121.80545855734051486 
5.6730530672598309394 -77.030707960503235654 
5.0270585970574428458 -23.409680248336549369 
8.2396246596529731931 42.408094393289673008 
0.45207300030519226297 0.080461680514307354350 
8.8590075076262664311 69.337110405671438684 
8.6361828534723930062 84.092784901631546290 
4.7082619481644334414 -0.67765089905715569785 
7.1178166631638868367 62.494597449890832763 
7.9761592961242433475 61.980661903946412394 
0.89936669522588386094 2.3224300800130066591 
8.3837275162505626724 -39.556795419470446973 
4.9430159207769017726 38.258346745759155283 
2.1935060349450830053 -9.3212764980652238478 
1.5901365679382579721 -2.0989218755107739156 
5.4653201817185745881 1.6877408246788547785 
1.9039196522659898037 -4.7557908413583227514 
3.8864728336996958724 -49.695281134534397438 
9.7670536559211882377 -78.874229751059942828 
8.4676032801409260031 -4.4948273699939278458 
6.5123490842314977201 90.811240450286078385 
2.4246007281077956996 13.162437935386350318 
7.9192157924510606648 -80.489351253250134732 
1.7482531300310739653 -11.610379295211576078 
4.9374192761228847814 57.254385534587555640 
1.1980396377079796100 8.4662573540315086973 
0.72454814685870294610 1.4714502284655814890 
9.1196440010745192239 -100.60442439929812508 
2.2665578601685902882 11.272022609099359158 
2.5559152020204418676 27.362890267634433883 
3.6117814476547107638 10.401158547197802307 
6.6617163967926256163 -70.639570663770328451 
1.2453232421098034965 -1.4391424548570821429 
5.3298448655833219334 13.143388591078931427 
0.59965519009437562303 -2.5883848158109890036 
6.2213384032935348245 58.719918384738278405 
4.3899073238288925936 14.907194930544989120 
8.6329219831199743851 125.68093842700221785 
4.2307651666952166281 2.1181867785464305598 
7.8762573389664236601 25.793704819082407198 
8.2273001868185193786 60.348857599868352963 
8.7855591688061291933 -42.889309684133863243 
1.9876906407502192842 -8.2997761332905444220 
6.3109618989148303925 -26.098274626364982964 
5.9738578860746338606 73.302091871023890235 
6.5547225338959052010 52.459309534000482245 
6.7301632013213072980 75.521631483968590715 
5.0251921486940851480 18.254644975659559236 
1.4946464216548209780 13.160979744562688154 
7.3547985229806203122 -96.890130838207795705 
2.4764266302717783397 5.3375375237076738699 
7.2183046642714199237 28.877718715239922176 
5.2672295592994853308 -70.144389967929981822 
9.4585956600485410206 -1.2391281203960318180 
2.6015099505712058203 1.3394032670462650003 
7.7974618086653038063 51.863180908066539132 
2.9250976431031636693 9.0547002851289093428 
7.9109630861080031394 -57.921701606941894624 
0.77203485343674294050 9.2141939733505431320 
3.1793309464879810911 -17.734581015956592864 
3.9809066658250680248 49.086434752497787315 
9.2295529434389500523 -95.618622438547333786 
0.69359771851736151671 6.1079775087671954736 
0.90160060202851277644 -6.2398180106962071179 
0.99701114855858241626 2.5730521889187141227 
7.5208551563235896964 -2.0541994125450599995 
1.9378261871538347005 11.866093323771451651 
6.2875507453960741699 1.3713163205152198998 
3.3910908317401906586 35.812223469461507364 
1.3557486960396856190 13.624081875538308850 
3.1860400684100622648 42.834997294953318203 
3.4634501192564064453 25.386127777920890480 
7.2791381032994397771 82.540023099004415030 
8.6850503463008692506 26.459862627636539401 
5.3561495978871889179 34.854373545498532394 
6.0707839436267807542 -26.776290736632461176 
1.4041214930527481375 2.5519939051724414014 
2.2092718234430921420 -14.487179212676283058 
3.5715944641751073974 16.914823653574032392 
3.6386240662260100898 13.062059261424423084 
2.8100271313723248490 9.0647103509024091750 
7.2390265491488703375 101.23628167893221530 
6.0271802443258701842 75.108982105280418295 
2.1976763538292662936 19.245482622074000290 
7.5107416427092710265 21.854088378199293174 
2.5573910753396917883 2.1499649969833356522 
0.35129487356083649585 2.4174090084052686223 
8.3723659735273070481 -80.039273998610198646 
4.5217851600248879507 7.9439876037827161781 
3.9072919697820802654 -32.988767612288555142 
4.0761777617619534553 57.332615305753463986 
2.4121033098990158905 -0.49872977346624836059 
7.4952890220218675310 2.5299514275255603479 
8.8350864433091995664 -126.51989438178576108 
5.8958699378816987746 -15.898807563486144545 
4.5538477640707561989 20.552940043378910673 
3.6136395967688490494 -9.0225896853006801734 
5.2870499841938318752 31.027328742923202753 
3.5146297654042384373 46.918703999577580532 
0.43057303195700002973 2.5348964284719883722 
1.3259196607701013715 0.064014183785104705748 
8.4114384629435203777 -118.96351640700200392 
9.5997822160787276147 24.806775616315150046 
8.0048618327313043608 -86.370372422469003482 
5.3426737458366595490 7.8236461257308747008 
0.53668052315618153258 0.67062747122476507045 
3.4715014106948336448 47.683386243034100005 
5.4962155579645672887 68.571904435854776239 
9.7059350456108646199 -51.399233090582313821 
1.3735152175525233709 -13.092675307612143598 
4.3470667978416148713 28.058341229517083093 
7.3424888246525208402 -81.461827191058233666 
9.8520977381893928282 -119.68941381845303340 
7.9623093764008885387 24.801575133522476335 
4.0585553174984605462 25.028845986971106186 
6.7422983182134963442 -36.405960910973277578 
7.7683318432496539785 16.316003839229708205 
4.1939684795096150438 28.731662698319134108 
3.7147687951570507181 -12.301940174073827450 
5.0993307053138936524 11.998589622554604261 
7.0057339963774785119 36.452854388903446647 
9.3310996235648726582 29.222805906724971692 
6.8452380303257216454 -10.584454267419687312 
4.8133905861438792684 -10.688363882592028631 
3.9679462825643709856 22.328357632027127977 
9.0024653436467136913 -49.765077693574383488 
7.3575893354647003974 44.000937980188496113 
5.7535846841394544526 -7.0062295035338166826 
4.6066580079162706696 -17.040124857080144238 
8.2880346433811045159 -114.74853287483951192 
5.0390206710214497932 -33.120681187151113534 
6.8505370999983226099 60.584620330763939933 
6.8143000949224292739 -71.013230260162004015 
2.8404429034807994192 -3.3571176580730721639 
6.3394807673005511006 -33.090971656589601935 
6.4448637099572048115 69.147376768040913930 
2.0681394240465120760 5.8217493068349348562 
0.89565408329207718552 4.9614348395699039429 
8.2991646319993090941 -35.778377521802013916 
2.0144349100155900523 6.1520336408831859387 
7.4241450979762397822 -26.325307915542282444 
8.2418278788377712374 3.2664607466812753955 
1.6733676025160968415 4.4419849756297757892 
6.1647055329698430270 -52.044722090294612826 
8.3329111084300606649 47.171264322453794193 
1.3407794980840572752 12.398248822524184476 
5.1313123083062155416 -5.5197366422922442553 
8.3008749797638525791 -35.042522675447330016 
5.1973900684863316712 -56.510543606783272708 
2.1516202714280847630 19.970290174313724663 
5.8083367265030272364 45.586551017632032767 
0.62521524833411401545 -1.5185361484193438120 
4.8900013326825400028 20.508251022197370617 
4.6280235880519962066 56.342868945615748544 
8.9418150502412068192 -122.60144472935191118 
5.0963934699300557085 54.510178653474113730 
7.3778129287678781978 -7.8671578630603562488 
4.3743108640367305284 -6.1399177387801557870 
4.2126555450053508878 -9.9237127981092640994 
7.6637202552039331849 -59.194275889082305753 
3.4570934986412229506 34.449268523580236945 
3.5937962209048173179 -43.711137689740930057 
8.3672365237333572452 92.908043672888609876 
2.2451419420758900181 -17.364398150562067258 
2.7229487300121073545 -14.019781205621509201 
9.0755057504543810154 48.323097463150901376 
4.2927380763722764456 -16.708799908526955846 
7.4126561686755945146 76.016971086452429063 
8.1272037361917064402 16.602354184359526812 
8.8443873825207806050 -72.263527434923759074 
6.2615088877986968541 2.6662230051245501272 
8.8240406963573594368 -98.364177507293788949 
0.75192740959597559325 4.1349554750542445447 
7.4004735104007730584 101.22226400518502487 
7.4793782593166469042 25.621916274675427871 
8.2509665297823691077 -69.121941938786847004 
0.49241976628368827607 -0.36780573292320273282 
7.1469870017045415977 -27.610398882585585056 
9.4246361749015417075 -76.641932815631264475 
1.5038512682502820361 19.039837226263284009 
0.73828707510134017333 -2.7141737576970279555 
8.7713095665658400435 32.267634102038840638 
9.2084690284744414868 117.43448402150681886 
1.5935692009702937533 -10.546340488037341032 
0.44648044335985503928 2.4628627987719999837 
7.8231403411657831626 49.735937774270141176 
9.1147404692887494804 13.679099390353854915 
1.2198162312676175123 4.0061095010748211109 
6.3704716056727885842 -88.172726730830120800 
8.7549693589619259626 -123.56098598882293516 
1.1670490032853835238 -6.8522255113698804507 
0.71764773541401472023 2.0754226613238841992 
7.1683457600381110808 -41.372965361445324106 
0.35352496511080283570 3.2026985097250713075 
9.8905057944888117305 -69.637600030075944346 
7.3329929220338652129 54.691298416539154914 
3.6692577423604384457 45.327955432982037109 
9.3634906341135657470 21.167395334565213716 
6.7738739780003358604 -14.153700688966409871 
1.2991000098786267269 13.497029057954009090 
4.7850067845682326961 -40.556701892477562410 
0.57013871417948358555 1.1910472973948591502 
2.8462190412455106170 37.243718620828225596 
4.7665629209379263287 50.628743150305524523 
9.1206401196955155797 33.427996527981434838 
1.7049867536549148106 21.215616087246282007 
9.9980880124955984201 127.29852459797379538 
8.3077302733474898133 -76.494569282137092614 
7.4914550979231329109 -62.968740436424191387 
6.7887615748236340707 32.722216557998947906 
2.3399790123689143684 15.863984066119023453 
4.8183908659082632653 10.890465097744908007 
9.1830121458428628500 66.068179089522203640 
5.9642341805663754428 -47.073633715309881609 
6.5599311887929694365 -26.127836584180457180 
5.2121425026523668933 37.976038081882123265 
3.6639071899959021472 -48.278212908423455474 
6.5173698120381429177 -73.756898312124931749 
8.3906224067398014199 32.535231501175019275 
2.5260785004666677089 9.8250439914385907514 
4.5467332408161489354 50.894749275534081789 
4.3169451901302275942 1.8300707455100706511 
6.7446514920405302718 -5.5855746120070079996 
8.4679180458975036316 7.1887259502040308234 
7.2482306174945003718 74.702343816478744998 
4.9149978467542618787 2.7441450976889854019 
9.2594111355203452263 -20.799102172209373407 
3.0843578459316272067 39.022733996635949438 
9.5394205969875329743 -90.065847842263139000 
3.1586710503078458956 10.482564342744119301 
3.2154790915701805254 34.750167428159883798 
8.5364633580364994714 -82.809411198406593257 
5.4001533456767480956 -42.489576880760530742 
0.65707588516788195676 4.0968250023921726211 
1.6024463873010936776 -13.517285569059023231 
3.3993664613195777591 12.345580763837546101 
8.8769737017836671811 -59.192988285317142072 
4.6098475538835641530 2.7586115532530754990 
6.2075602201785047285 -20.093227800712242015 
2.2172729549414391670 14.289860736806154762 
6.9923463929264224603 53.479840502052354623 
9.9672421222394760321 -62.208625753527343250 
8.3389064335530562744 45.817377774840480242 
5.4295070209298810227 38.707761791772071547 
3.1271379377010828371 -39.299871272001503542 
7.9153957954843248146 58.112522650872605823 
6.3427785487537082787 -47.198042231128802371 
1.6533130958764248319 -3.6041626723180204550 
6.1094302569033658301 31.796568768008157235 
2.4580329601580621635 20.452393137700916270 
3.7763421240852594885 -30.909726748233467220 
9.6023186555268189579 -106.14391492717885512 
9.3433470593150342864 -130.33772401376614880 
2.8529993313028461088 -10.080049776095922454 
1.3599059753723272692 15.041412410600198513 
3.5461281760239504734 8.5525895663002415859 
9.9880483712332317481 119.13768642876252102 
4.0152196891043034910 28.193658216118059556 
4.3977047283032817404 -42.538897661616594803 
0.91254550286437363660 -6.2670095069581845948 
0.30503320369546371715 1.9723559781183008788 
8.6254361532206882401 -4.0813990682714802460 
7.6599389548633824987 -31.973834110455712221 
4.8752554630344828723 24.231502013520199057 
4.7623871624762017518 -40.731686059588483317 
1.5900975891750055435 3.7263749445065954546 
1.3600906340681542250 9.9718759733589088512 
4.9452896633923426606 -23.064167886143394526 
8.8875371892590653289 -99.197901235776711815 
2.4690346565356531272 22.434190280656764571 
6.2101379273503347633 36.661996143366891943 
2.6870840255144918807 -3.6021736306790650417 
9.6853595719515865881 -25.814644224804297323 
1.4968494542668102643 10.881078904884688541 
0.52579280058091037997 4.0274898126297529188 
8.2560420070423319316 -21.975747908990598489 
3.5597848310402873118 50.981753812887397714 
8.2132054691968008342 109.21424853423505397 
5.2815803386409685416 15.184468739132455539 
3.5083915158133911483 -8.6826559637915750045 
7.2402424000938889748 85.669548279024681392 
4.8545056774590245041 -32.951480030266921517 
2.8599922005755931131 -20.452945484634025064 
7.0539567454594536144 -21.584361182357838516 
4.6861960175601664602 33.133576784013456518 
7.6403626405325564264 93.333072522782927649 
5.4350776547516046477 61.845614479821804821 
0.84507648986521277656 3.5003697654037910780 
7.5616512859452003070 -18.174574549369026499 
2.2708018808668501975 6.0153730323787897305 
1.0339122160442901777 -4.9940573848496505605 
2.2821500721090157704 7.1564487071203828350 
0.67479218661099604759 4.9873986942935832900 
2.5165497553758888749 -3.2350346723914853442 
8.0586003348610617536 -79.037720524017203161 
7.7459032390818389757 88.260713064589126020 
5.6210354131859041615 76.303039052696746580 
1.3210937433378560080 -7.0540888088218096641 
5.8624478732055358421 63.626050230985200074 
7.5373322520519456802 -50.347420765645352958 
2.8972039424458548851 -25.624986508956368425 
3.6260134166057866878 5.4120379691390780863 
4.2608338200646560523 61.571758011687457213 
9.7232661504165669442 -32.888726386525718226 
5.2333480408894956781 -37.422614206073021137 
4.4449619121181340731 -35.115245803939174607 
9.4351588745261771862 132.22832221285403875 
7.1694235419831642275 -77.399527258912200978 
2.4310936888783918342 11.702059294984401561 
5.6564395112857264181 75.027202804573860817 
5.2672620828161624829 -36.524856670405370096 
6.3063308872924475068 12.308686139783091562 
5.7784094870357192164 -35.932729988840179658 
1.7976451791042880046 19.585490151486290245 
4.5158069406810286139 -45.303215366649467910 
3.2576515711958515809 34.724716054366822959 
7.8785596791719303411 -27.907907384305602250 
3.6057349432084446761 19.025422574419053490 
6.5006669969112476082 81.784454996858315212 
5.2843600887978574576 -20.824041031943565372 
6.5857002981719530155 53.776019140281093200 
1.6002635968522302967 -8.0847838414988046907 
2.1766911326393287851 9.3125344794792468406 
5.1052966171416693797 -13.681620703760543734 
3.6961078238445495003 37.926764401392922821 
5.4780999845787512470 -22.198991573381007925 
9.5663240360618981839 78.442719319878563056 
9.0440680180914991837 104.31302390294524685 
9.6959947764241984913 -11.693972609376331206 
1.6369875027911704457 -11.485451530897183403 
7.0246248184995581099 84.489016680416682448 
4.3723069539572652076 -20.174036721799105010 
3.7777477455118142480 -44.165268769855558162 
6.0560541325381302968 25.241038417827056151 
1.9381403847963296627 -20.779646676756566848 
0.44843146299672165256 3.2323979683779273664 
3.0550042245843589406 -9.9377961913547139261 
1.3158825668351383786 2.3707056893011113630 
0.66220265535523736844 1.0236380307294767888 
3.7483270057243469608 6.1520803064139499838 
1.9200993742796030883 -18.140709710004138344 
2.4906016928421994550 9.9361139995468050756 
9.2340042612613366657 -97.788501436205336859 
8.4859396154208699414 67.360939627641499783 
0.27049801348783375499 2.0323750356685357232 
4.2217381958398441100 2.2232186594879408403 
9.2456827138803827637 1.1684206532319763028 
5.9527989634724089996 81.745093179322552146 
4.6462850895014415897 -57.948454821830999606 
8.8823091002690084395 -23.096922238890272183 
5.8201243170317296105 -70.966202759759241303 
2.6371147406268367064 3.9767910990581469832 
4.7423975775064608484 5.9175551247420798973 
6.5734228937867786868 92.691986793601614636 
9.0787732743099489596 -35.925075076244468164 
6.6151512563710008763 39.551415238858837142 
2.3128348635060245186 2.1555467733447457590 
5.8250839732442951657 -56.448852319332139871 
7.5160880409857284690 75.204629292433963883 
6.6697177385472592448 -57.366561785490546299 
3.9560016048089536866 -11.485516179946884563 
7.9721869752399010522 -8.3323488557335281257 
9.1496728211151889809 55.325191460526951914 
5.1986451527275763240 -38.931174984073422252 
7.2697786700826485529 68.084881906026751608 
0.52681777758227232855 4.2908881364602722286 
1.2313165764600717544 -4.4065892521775289481 
7.6024858019738186243 -106.23454240148744532 
3.4094705606073079096 -22.857912047094007590 
7.6699178432041117404 9.7522629593071741283 
2.4620042532588679585 3.6512493221139479260 
9.1520761578296756511 -86.869173957918945916 
2.2134916330116527483 -25.702026278038189844 
5.1894071934261445378 -61.215581961210645545 
4.1513148462044346942 8.1199292581910995636 
4.4405779704141732367 37.452091531466820129 
5.3595195722128625704 -4.1831744489915649865 
5.3300086354121152254 62.061199897421616356 
4.8898856828128796082 69.986699363978928545 
5.1657734952268414830 -24.501952904017400670 
5.8705571629216848351 59.060243862992152231 
0.30358671036011131150 2.5292139943007398983 
8.2534090262340331634 119.51484721747820572 
5.1029072821578269625 22.167987866318696888 
8.8620878535902019024 -14.852112256500191734 
5.0709989127866625935 -28.352211715281754323 
1.3350601106548904973 -14.012226903593527183 
4.9381104905797847948 37.231738546702231929 
2.0784857299333161507 1.3291830596613891657 
5.0369756744784091040 46.080117770819981615 
0.80701592451676273932 2.8223555636035939642 
2.7871238044386439370 35.013714624598655689 
2.8570325678734747044 -16.052556139850786110 
1.0859756058425120706 -8.9300045487847583559 
9.7105963977542035792 21.906302246620356300 
0.99479124675934360589 -7.8984312235475986341 
4.2245044652708392263 23.163529031892963417 
9.3966305859809278189 130.53803144521910440 
1.1905751721287765044 0.15111119869627387402 
5.3687311910637331991 -16.621076062775109961 
1.9488810408907877303 -3.5278439516640389684 
9.5502340050045866349 83.649728393698438822 
0.64156887033364617956 1.6402166512873819215 
2.8960409348723503697 5.8753103676470317396 
7.0181114504168089496 50.355244178754773543 
7.1465724947266302536 -76.595176426039699891 
3.8542298967615020722 35.520387548981162240 
5.2160802628338487352 16.794580949592017305 
4.3377234064023797444 21.193686539980276962 
6.9552419562293277266 -46.888306831714380962 
9.4735360613443244659 -108.35574848289256522 
1.8625025303423536904 12.383595768708559604 
4.7910149869673652745 53.238108390131387182 
1.1071077351799396560 -6.4118178827687257737 
5.7844081835173408734 14.824940844269676177 
1.2522427373088784730 9.1398788228249507881 
1.9427652687137293430 2.9278573093163196006 
0.38627343933680535759 0.78176881382006757626 
6.7851477065742207273 -2.0020833771723829386 
0.43526778354729556142 3.3491731731524465587 
2.1522384853952742922 16.106061414089310802 
4.9336492321530185379 24.585889177393639216 
9.7279293389121406221 124.99642580173713213 
5.6942128695032332431 -1.4211928047426027888 
1.0253498662284397103 -6.2730009667395361106 
6.6820140040174607066 -27.140850061941634408 
6.4305428715808750084 -14.020194789022426107 
1.6320111187764447802 8.9434760709176721605 
9.7287705482466524387 27.210810134409427974 
1.6127316193561893609 -11.460436464389065492 
3.6736433181854013519 -19.913997746717946313 
5.7527971922124878645 -21.399835241807082298 
3.4296396368877468674 11.702390897337245690 
8.1580856472359624121 47.666159402581996574 
4.3500977631637223197 25.808207880392174616 
7.1120174689996451534 -23.770658456541781334 
3.8662468716210938169 -21.138943158494765129 
3.8009990759206440103 -23.291060668109050624 
4.6846540131368774595 -11.406245650773250588 
8.3183737630555985021 -60.517422925159181091 
9.6394849460729581381 -132.20973838073899742 
4.8186490639403132263 64.939915037489356564 
9.1285638362131553691 65.766373117530861236 
9.5425642112855335597 -53.190519366556586078 
9.5229443197809509059 -55.217636767890965643 
9.6953622955030009933 -77.027035755509587034 
0.39045826957537593804 3.7430161498706975287 
4.7912391407529186793 -64.392874987822821709 
7.7811943159695751149 -77.668987533717654514 
6.8037531111444131682 -38.745343309743383031 
1.8371580037307451150 -14.101598233169562846 
5.4249817377252389505 67.142149928276026571 
3.5795918804363009436 -30.804256569751217398 
9.1458023109648447502 38.916210934857559778 
5.3725495206179925134 -49.804922887606821291 
2.4479284525117832594 25.962873913590115649 
2.1438198213015646765 29.907495471143398902 
4.3188336540613185832 -5.6345087098249280189 
8.6634293247708811236 112.49656394535765003 
5.2789692098705618406 -35.337173114270981955 
6.3785936616214105044 -88.106802289861377631 
2.4621822631541157023 34.352364523792516593 
2.2994357721219298440 29.600323464460132072 
4.7997612130201599001 0.49565054640106609440 
9.9289493839663887087 69.541180802919598136 
6.8801169349992337132 -12.589854873294186177 
8.0132044303111022998 -66.011730235135772205 
9.4705740009194876450 75.064922744895000051 
8.5435253255756489210 119.55495590518046356 
4.4185105829305042491 -30.054160341375478538 
5.4993713343662458115 -16.985306554251131672 
1.6986124430209088576 -4.3603284293448130171 
5.1604756503442850146 39.272229322304085031 
3.6286508907223069542 46.473333646501721717 
0.84067374720019150125 9.6119731911134849156 
0.61492828655996989440 -0.81621913434500026341 
7.3319516175263110824 -29.162048869065429813 
9.8531698184562106491 -20.376913837268574525 
7.2008622618253808056 -75.617490446128854842 
7.8247164258522285962 -98.093808345000439886 
0.64366627152356825636 5.0260625608746885007 
5.7564744511616705580 -76.878693442914439515 
8.5811887600674978671 -92.077447966799908841 
5.1745505538704508197 -31.073755499490715692 
4.1093721013334745251 -40.088568232792404444 
8.0754368894797146083 49.144612010693961679 
2.9997625277347528261 -30.799027318955019439 
9.4782200742347288980 5.9521431352814886395 
4.3521538144579281493 -36.104535804555339951 
9.7600132134171406761 31.622313866612074662 
3.8646685663316908688 20.747580243151546142 
8.3959864101564676275 123.82931771924191366 
7.3721235461567795610 36.654476073492659793 
4.6088149295118299165 35.362651703010129722 
5.8805520050535440291 -45.441204865129250834 
6.9658919876486224965 78.545897587296678921 
7.2885269416978566426 35.992779016057227182 
9.3401594490003905236 -22.900062827283164779 
6.2545874347916230462 87.369653089951583524 
5.0300783623989708815 27.839841335597355965 
9.8953358815112384406 -36.009008744097229737 
8.9098777535978044284 -13.830871545979164239 
5.9790802967367069343 -71.014284334439963686 
4.2116622797366716213 45.271773076916531409 
1.2728603509768157132 -5.8496984606415161068 
6.1543742787184232412 38.912744898085733780 
7.8296109266780362645 57.593508241391305091 
4.8793470047091886954 37.839450872499710954 
1.9624045237679870191 -9.8573001423938251264 
2.4278871187228854289 -23.479042944105913193 
8.2952584116982155393 -93.260794175516366522 
2.2444576477927404845 4.7864533094965153737 
7.7643862272729640139 -69.093757515483090970 
9.2889258719192522307 -64.506066728366292296 
6.2050988393308923463 -74.797881685829537446 
1.9568676749850189012 21.268521696113083408 
1.5771369505142713852 -13.115440474059687048 
8.6033767220602541670 45.019228258073496818 
4.2430223288226249778 36.704314699952156786 
9.5738097228584173592 -58.541138155389205622 
6.9790954626376819903 -18.826107307919031086 
7.1297220088463459930 -78.750403030571320073 
2.6388770379868939919 -18.634344993376032562 
9.4914631248416831966 42.359001663229463475 
6.1835258421558521036 82.996896142570449229 
9.0394255064705273384 94.273772637737266678 
0.79774983562489309996 6.0821564669511669621 
7.5115445230480899497 104.41426462992187396 
6.5900627153653505985 -30.513340982822455771 
7.2341299932761566893 -84.289696598640759362 
4.5137560732687260767 51.324573942567369045 
9.4430485539759470015 -7.9161128609035671388 
4.5155845209756595438 27.044332645240586999 
8.2063200343059587993 61.282501399035893996 
6.1247440218171931292 -17.314577771902506242 
7.1731256080013565679 -58.572006221231212919 
1.4794135051609087483 -14.183703348404808509 
6.4345880338918002295 -39.324127375647591975 
6.9278930725703764537 75.819604335537349016 
8.6979025953645621172 -64.711643790607695337 
7.1451418001072566355 67.230838502690716041 
3.9419109169398085513 38.629509203081788371 
6.5146512368158902007 -80.152929613736716874 
5.7048678261073382245 -73.318285607967339956 
9.9775494015950023652 -70.181697931607473606 
4.7136204430162367274 20.997700388402520844 
7.2051619715313712788 -84.679965830526697346 
3.0571228290144709661 -10.621190437976647303 
6.4318232281790361782 30.507828667010514323 
4.9317740515103620780 -25.195045133702414830 
9.6180356682544303482 -21.966697910355108547 
2.3896824367262166078 7.9968485093742742720 
1.1210281649174120844 11.139409339083975681 
6.8165646520417837451 -51.890577541419517615 
5.7643001934423132582 45.722726718813305524 
8.4733480892830872477 111.39653516813172018 
4.8209700211610133636 -42.362648162751938230 
7.7988058170225400545 -100.26258218604772310 
9.0485711301994573574 66.730324600887541919 
4.4499229494108192284 31.065482238885834931 
1.1251023205792598514 -4.0059242103285983561 
6.6511196608082148174 63.456813838445739862 
1.6790930371991461545 -13.553789855913013440 
9.6437209209511145502 135.10298614363108527 
1.1202489256402230478 -0.96074000336766296471 
9.3171478230102966478 21.189144837291195245 
3.6222719668948690774 42.004256293125912691 
1.9879026302897662148 8.5726120081119603356 
4.0878904548127312779 50.130031194842722186 
7.0475158420073054089 56.839478424831611392 
4.6455449630878664635 -62.178781541035085922 
3.0844781349422714101 -38.137907312932192383 
7.3316014660102872824 70.111854844782101281 
6.1203328477617677805 -74.216273799662602073 
1.7899731621091699019 -14.739086426660591655 
1.2294082001948793970 10.518751802355044589 
3.5699255969625416363 -4.1467265589882202903 
8.2273232090888175350 -63.249107493097049826 
2.4340550251495112200 -5.7616174570901428353 
7.7295086631998204396 27.175169391137146135 
6.9919633193205692479 -69.423167478612981540 
1.9894340208606400289 9.7449060372826572518 
7.9821630689189015939 -73.275132991111547653 
9.7687816279074048964 -82.476027286844953323 
7.2083289604035956089 -16.471577042053240802 
2.5255418394247994840 14.620132885267388190 
3.3226439797613163130 29.661050051475498890 
1.7750623194846706365 15.186797929815341490 
9.3537997943026880421 18.190830838456236052 
0.66343630192475888663 6.7624399533666448292 
6.6694697380777858697 -65.631595047992718150 
9.4117312329240654378 -6.3107448137450035119 
3.9961011491571993837 -16.036918004474436827 
2.1154356349623566480 25.088501287501987491 
2.5035079940679758614 -17.229402341697984014 
6.7443806929563656638 98.004287875182185985 
3.1770291143902089637 -2.6362635101728031373 
1.6493820955635283276 -5.3518145139748458661 
6.6594103738099095224 -0.28669999113932931323 
6.1852554345030990035 -33.618623119288244538 
6.4762466500634028321 -64.325674612362803373 
8.0757322285934876049 -70.153531983376979042 
4.7286604649493764185 41.238553871830106345 
1.5931147709057846829 0.80681322804665711601 
0.37313456189099686311 1.5107800430304665351 
5.9846234714134283195 87.607255556318719414 
4.5681622039226068566 -11.538434713416542365 
7.4029799710029520199 -64.132506927207742820 
5.8561188375426569408 -57.409371227235702406 
2.7138791612234141049 -26.364179454772354916 
7.4221949766866162079 62.505114625385630234 
5.2146267301667119654 53.207723265686112768 
9.9750810551278377147 -80.325908815679696318 
9.5167662922754949761 -103.16571058738462341 
4.5608461125834773853 -28.672363660271834362 
4.2504025447141833283 53.465509755861170049 
4.1267878124394723471 41.850626798355321512 
1.1257082988439626181 -3.5656648739347520660 
5.3947240635154871669 -48.538670429019994401 
1.7678541374414546983 6.8729775911636004082 
4.8212202723758217360 -14.995830750604035586 
9.0756057554117148811 129.60889339520261387 
6.5125645810619294807 79.158046956189949128 
5.0348126467556904018 -10.490965349650579697 
8.8245836749655044429 7.2035016680659964550 
8.8549849587368107962 -74.164693620128474549 
4.9420345541818395674 43.874093775911376270 
9.0309398329099259684 75.834916961110138800 
1.4215125839594828783 -6.2759759552600034027 
6.4335868516731693489 89.746563492833047349 
2.4611880565997235060 -3.5472497407345109366 
7.8525737289951411668 59.116427089640097847 
3.8021239738220802273 50.898270870709033886 
1.6411779860043556045 7.1089702187939316502 
9.5909781794825530454 105.13000114320942657 
4.6425266986872495423 39.876088645684006906 
8.6861382650832563712 -0.84897148488624907259 
7.0061445077048656316 38.699801811194433299 
7.2790107257820650943 -40.779592510600807032 
4.3579381078444718867 -24.905103636628631136 
2.5222085512040268718 33.347109980234250770 
7.8143464574996892580 79.129991846411115830 
1.0089308186376304555 -0.56113269712570712500 
2.1690528970749438642 19.667367487448139229 
2.4722179109560737942 30.494960868592208669 
5.9961879348908331266 -70.768261133883711977 
1.1353645032309400698 -3.3316994855851751467 
1.2032335085309922018 15.260647253834463299 
5.8018320150225202170 27.615783840902764723 
9.8034304716173359395 -52.608865103792069817 
9.8118940107931642558 98.150349612529339538 
9.2432576765001108754 67.132186099424586700 
9.4922320717590693562 -8.2546962517895394740 
7.8680113896466519208 -22.749162897871016753 
7.1871555924600896148 1.2551576315072452417 
0.66128237819732538227 5.7289458589063908533 
4.5227820027035958717 -10.034019593441371399 
0.36979251420643566295 1.2448404869078046886 
3.5375464046567373089 28.819457872475254590 
3.3240301350526091362 45.888295526217639519 
5.4179672198648720638 -7.1043285622763789888 
8.4226797803484050320 -39.627366713426553702 
7.0452009421956134361 30.552567371767821669 
1.2289168915837551666 4.5725985686073897796 
0.88507822859321594322 6.6582318674803904202 
8.8852179387196024152 -35.067272662684118245 
5.1289843001078327944 20.952406015245685467 
5.7317648933979823411 17.768150008453602595 
3.3150305700739379766 9.8143508512339892036 
1.6226247050001703087 -15.893224147329188867 
2.5305110336713636521 27.565273892853113580 
4.4252135469267894763 -42.559577712483999790 
6.3781377036598625452 -69.547936807347753074 
4.3683005456005670197 -6.2564007756918371683 
3.5273969636685551521 -10.719824136735866205 
8.0635970015741555983 -25.895507935729341398 
3.0110940921649675950 5.0172467587252214116 
6.0861394536039821190 86.733449898585007531 
1.2925606132615758970 15.273649588359496931 
4.1263499914799250945 -19.273652103707419769 
5.3223144072820538497 6.9116480086848781639 
4.2646672714337459098 52.122665459909278241 
5.6831071514547062407 -41.446894880249473658 
7.7173097217406549930 -79.835663268231144230 
9.9484226101522956753 10.623769770578206817 
2.8017082472693832784 -21.435033078450409505 
9.3137842068863800904 42.159224642076367218 
2.1311100339845250318 12.574077340030299865 
0.74988812025982931608 1.1041491074523657190 
2.1241420734292799644 10.865285104234889246 
9.2526622878485067503 31.720152861344274697 
6.6514077726557463421 96.265727766395372100 
5.6389580387918689652 48.660820683037371737 
0.72793439266593751302 -4.7817224604531878285 
4.3545638828716413116 7.7681205548236818004 
3.5962606316582497179 36.849677022829638418 
9.8419341486835207888 -70.089420722245975526 
6.6791092490861228015 -80.099175076752828772 
9.5847665307148997016 -46.709823577104913284 
9.2139597368674781563 76.426376785313976825 
6.0038831134674168766 64.898687554697374935 
0.44020444880698372803 0.49687395855067362227 
7.2248576513285795997 -22.799859113046892389 
1.8641092848476872312 6.5936423678482753985 
1.1677127951314649756 10.773528229679801171 
9.2755302948142812625 -70.696466689972609743 
5.0127042595036810368 50.377980344409081681 
4.3211235750993157723 20.776122942682349048 
4.0854820646288096953 9.2893588881725577266 
9.8888651174422346202 102.87050289109743062 
3.2926329935861549103 -33.025091465817084213 
1.1826025716506720631 -10.240395459883824714 
8.7320394043045599375 100.02727123475457915 
4.7708361615575434200 -29.136433614351801680 
3.3945163236203588220 27.480839087762674922 
8.7738561304379913963 73.904076161284905311 
3.4563674308338052654 -38.536282941382175693 
5.5108978671889570222 59.555664435602665208 
9.1282853325576862602 -73.110983349040296275 
8.7650755591036286773 -35.461988639269250712 
9.8320987058193765051 20.150763015507124010 
9.9833509571754266432 -140.85422759330174358 
0.72112231392331849200 7.9383832121614918975 
7.3407038689718939750 -100.92915075581005624 
2.4936747651468658127 -13.136514380888783649 
7.3446297550776789009 8.8437606096043595016 
7.6941717443058079695 -0.18220415580729820704 
5.3266353243295290198 2.3661839860212552367 
6.5496525030301739889 -6.8922697110192387981 
4.8855317040770902537 7.9735402872530869445 
5.4945562437802486500 -1.1987039396680785330 
0.44587980518170555744 3.6790664612440018288 
2.1817928227273477582 -17.039472323585204805 
7.7104717775833462312 97.182296146785716928 
5.3475843298930625380 78.210752826950297845 
9.0790289131661463529 -76.183014297262246828 
9.5871698861341307918 51.864251313126572995 
5.0914147614576172884 29.973625707032681476 
5.1333332484533453766 -53.076537346893289282 
1.9871072097646822474 13.587252631737761988 
4.0181182934445063282 -40.206435391687435299 
3.7645746073423138611 11.080709246403777968 
8.3620639150476705481 -22.980244668983644374 
6.8293501908626348396 25.538938465830412383 
9.7016859135060364849 127.48360532355400210 
4.4204347199574156591 1.7127023306568602834 
6.4652850323390227416 -31.608287264349620216 
6.5260907139161998813 -29.049467408572219540 
7.2743006955614104569 -73.882823933813682515 
3.1499319642191747626 10.959275022516763443 
3.8610978920366978429 -38.086053924725995046 
7.0976535701195864192 -67.593489998979748634 
7.6654101532987670709 -20.408338229047728873 
0.42284731126094121656 4.1727154446057861392 
3.3276187782861792464 32.052617092262359222 
8.9932873386891696299 -27.129770864154949095 
6.1751890662824449052 58.300937826942401898 
3.1678456908908887435 16.013701286975766891 
9.7079676053015724335 107.22604654797208923 
9.1051115561726980729 13.193566982294214540 
2.8241199245683730190 26.834300359348389975 
7.1598132771118958573 -87.201510918581249143 
2.2925597341107866178 -23.658540765983595122 
2.6724304199728607934 28.930915825119441820 
5.7202652240729845445 -42.768160128173072110 
1.2349398362890764425 6.9777216437993558884 
5.0553743715849828178 35.289580067497752225 
0.64641809360922986016 5.4581591932564741398 
9.9406282208161798053 66.059759180743668594 
2.0847949805081364971 4.6806899007700444315 
6.1958116064570800674 36.793521662293898089 
2.5339398984594980746 -9.0731258154132312654 
2.3463049031146074874 -15.892413439921106999 
3.1875343612196274101 15.734598547788451128 
5.2774365547693937728 -42.778299458212444506 
6.5841308517029633052 -33.405421891489950781 
1.5636239610199829109 9.7019521379563151697 
6.1498335888515098802 -19.768511987930594387 
2.4625491546937636755 24.845314909041206874 
3.5219128284044867172 11.006232730783011675 
8.0450140425845209080 -54.893220974440431803 
5.7729054440883942334 -33.530141371201743539 
5.9434977896438896394 -9.0734790734042434224 
7.6621078006724507858 -7.6545689782256829403 
6.8317062227895526405 -49.058958757286717400 
7.2712839873532661983 -44.274492324278867272 
7.8197684649564047632 42.977363503048323423 
3.2909215059258341007 28.981221962232332601 
8.1875524917831157268 46.405114120478856421 
0.92494367219106865541 -4.0955131175063215210 
6.2833605405178953873 -30.876699266078603046 
9.3182288648366036199 40.117118726574688026 
9.9394345008294351373 -26.954364051766901866 
5.6469920603692909111 18.085791567372993427 
2.5158931048205883663 -18.333859416650547303 
3.0943289515583738414 38.826807404703231441 
0.46854906498964088435 1.2280301064087839613 
7.9745148940279797500 14.182660541987601732 
9.2856784315164127008 -15.698617425685995386 
8.3410706492037540727 -23.102715394390799020 
7.2798590940832328400 87.813939973440383824 
5.3483524960238488788 -8.1760828393210971399 
5.3541905160870673086 -60.311901799151627301 
3.2403928013693699128 38.758346978285786122 
0.67478261902740488409 -3.8498225481334089615 
5.9090377968222185245 -25.467853885042778472 
4.4666337107753903979 -52.608091306895786943 
5.0468297273558633265 50.700037960653304481 
7.4187367943503810253 -40.840759449756191657 
1.9597230408056056650 -13.645641546071972883 
2.8992339186493261138 31.588828532135266869 
7.3919791284106270979 74.956934823101434517 
9.7841361094935948017 136.59704613319473765 
4.5787307778331758357 -54.514555482653712204 
7.2337709023192680036 -33.152171754052190522 
2.8139652564216253161 9.1895938197323872032 
4.0210176842102605121 -53.111168435540143662 
6.1308367587858025871 -76.921695961957212262 
4.5895336832724664688 -15.444490088574113429 
8.0094344724777197797 -2.5518716206499760801 
5.2815249702184594582 33.399553461495372630 
2.9114631761598883664 5.4235684127130596721 
3.7485130974463007902 -44.695243398697172665 
3.5292820855601747532 -25.519579310789673343 
2.7006456477168319097 -28.896124888907340988 
2.1078733468654573535 24.947312435999553060 
5.0276571724899055127 -20.333378099151865115 
3.2598659278593538069 45.612036827780649162 
0.71604667778675346046 3.3563187168914048186 
5.2055726060343294748 -22.752511838436625169 
3.9400795339697682884 -14.990266384271727418 
2.5290254226688273498 28.080431799801743864 
1.5676577305164889342 3.7853396638662921703 
0.70073949754400677303 -3.4597158747815637270 
8.9069809602214924382 -105.79654780325915908 
6.4054653106243160110 -86.130783754708346578 
9.6692422272875599987 72.953893811276401493 
2.8224992927049883384 19.607395851931087805 
1.8096394084043558870 18.513437606237321376 
6.1498728064375667302 87.496909835596298421 
5.8375917564906290025 73.932226154697360698 
0.63012115479382080352 0.50927854754158197181 
1.1720891982648589114 -6.2667850743222466292 
6.4263162993654860955 49.894746995616159779 
8.8398399297283702936 -115.70878028004736393 
2.6491004594265663563 -23.480707074045305660 
0.37512293247566141918 3.5669322363477014015 
5.9091984297318189689 -41.587501750100919651 
0.76732374198233110896 6.5185782239498610835 
0.58050871277334903375 0.88209553184563649353 
7.8248626688125586526 -55.387561341712753915 
0.26839110895263057488 1.9994091779852907198 
5.0344227357400948009 68.696693809713551104 
8.1857359108314522445 -17.387304957181569876 
3.4467716787387767674 3.1645405324908679745 
2.1082057307155008807 19.330290847653362363 
3.0537675369586918528 -22.079905721049666312 
6.7857030866508232236 97.711826128212564413 
4.0412897926525808145 50.809294109910027260 
6.0550272480342961501 6.3890391849674870173 
0.50100898143044081401 4.5851377175806344866 
1.0454739324712327697 7.0168694972772591711 
4.3385975938662086904 60.184644468233685188 
4.1387465000287866346 24.889536527077737560 
2.6500892867320540169 1.5732661369571445675 
8.2775433607519470769 74.369256286699013003 
5.9379542789959742777 36.544181645295296335 
8.2164133786063100473 53.777450738285111242 
8.7054438106531435437 -40.801789509627624852 
7.7595966548103962879 112.22046553637574107 
1.8552823238587246024 7.7605805932578491024 
8.6223204059549161116 -10.573929020680608915 
8.3986983323324864159 3.3280166442029184282 
7.2021525296325963339 -27.345452248154415997 
0.60473105274141925047 -0.14622403412980800042 
5.9965270473331386825 0.60200459130456351886 
9.2907146555285926581 -96.486451549385378712 
3.1771958937274691337 -26.650866250246011191 
3.3113692148017617178 11.118239084487989032 
2.0396403872603778851 -12.347488042584640056 
2.8770213431904476664 -24.977388303764602284 
8.3488838136297314207 -47.772730694432624432 
2.4127218147655877800 -28.004020706108796901 
5.4265111159794434670 61.590627684147932541 
1.5957837822667215733 4.7868269956621887218 
6.6759853138492202262 36.765366353184290915 
7.6600834862979318984 -6.7584497293074718982 
2.7035556841412868856 -20.572890009502501130 
8.8977985982240710428 89.132133587750416837 
4.3170267048140864574 -32.054914128737422629 
7.8548975795767574937 8.8315070574162319872 
6.0755914022499259985 -33.415562915102448471 
7.6399095145044286781 14.378531654641975024 
9.2602683002099546172 17.292669944842032237 
1.4144741698623253257 13.017638741669468772 
9.5506313747294981908 -28.470490417568768748 
0.61311835591266239387 3.3492576667588602746 
3.1072218399643665165 7.4626874704913248593 
9.4520080384150766406 -88.889033671261444169 
4.6330499184100411014 -35.142856076639233720 
9.2938090198380010065 127.76052565107087844 
9.6553889702443242982 60.611906564048382506 
8.1968648570958571042 -65.916621516451797902 
0.34824004493318821973 1.3499059923117813220 
2.7787820682729100774 -7.5828409711086983691 
9.2659988202497522991 -85.594361333608759423 
1.3584182326596587753 -11.517299521716408250 
5.2523770289356308538 -11.122829504553124025 
6.4216941776651497165 24.302970528692654284 
2.8650155369257666038 4.1876770411756396584 
0.71955922631513402621 5.6880645121277595422 
8.0027824256451758345 -110.23706071913780136 
7.8277496275711841989 63.526779724467331789 
4.1374466270716609984 36.650159144899639330 
8.9540987343098397133 -27.859632457378992854 
7.9605868265530261851 79.083943284663149598 
3.4226887677898485407 -28.541094136981826068 
6.8140961184684121221 -70.528270561060068644 
8.1615846248050374356 90.120360840541053449 
7.8363950014165686397 -2.6157798246550072463 
3.4255150558216396206 35.135609922923457304 
7.6645986438950730602 71.837260183205103203 
9.7877809641258757267 114.23639147630419188 
3.5802600558034813893 -20.394388517229657509 
1.1050557531038824877 5.3076883347874641572 
7.6466607364070844355 75.229080023812045397 
0.31087684210478105928 2.2294373849649571362 
1.2850927978921393713 14.090829211457823078 
4.2785082697779914795 -42.006342183612247254 
3.6098380483880312397 48.482954180505387853 
1.5187641515101952816 -0.11598932258341321244 
5.7123719402282109314 -48.114851968010434291 
0.47766708138002167416 -0.37111208054200195416 
3.9255092971555649584 -21.206697009613264981 
6.7848921720549082437 -94.930648176711770247 
8.6465288888256832678 -27.988010403777963120 
7.4865620862055735074 -83.477322834722556877 
6.4508092649416681752 75.966777143879724576 
2.8545655591063923140 27.538431734504172255 
3.0007141643447292623 -6.6801644617422937245 
3.4413040137593595702 -28.926491542386674638 
4.6693090649111725909 -10.221317850892411627 
9.6740632031651845324 -122.00539330418000361 
8.3202662795062583001 79.648106978723546945 
3.8044706575429896311 -43.776947812166774554 
7.5005713834512377503 87.208040285857947538 
5.3776355348951678792 62.427031443169525460 
8.0851061254990490568 92.154039266874079317 
0.56050032215243028588 0.96204476405029337727 
3.6375353756443313813 28.284217592742606939 
9.1136727100057086659 -125.26559268779821821 
6.2250730861087122392 72.053045203062339397 
9.5747499899286854230 9.4569317320718369047 
7.6420127776584187984 -38.028261020577332374 
1.4317707132641330769 3.4171990091836690340 
8.5253113537008751166 -3.3484688960195541085 
6.4194172144919665612 -17.894065144867937533 
6.9013106980901497423 -79.459462348986292568 
7.6459987487206921841 81.349720294354511907 
3.0281437021878061522 6.0494128570221619157 
4.6748732471211011941 -37.088039080258916158 
0.27576918887170259742 2.1034350833084984878 
4.1693880728661376622 27.762565508145712556 
8.0043287421290667538 -60.479927766555292123 
4.4269027160996916592 59.850920847804587765 
0.74266224821603832318 -3.0993776927104765839 
9.9340250262245497481 -119.95215155837476573 
2.3922114214624170536 -24.096247059303713911 
6.4924891641059687686 57.739089745057555092 
8.2632131171120200008 -6.7593134514598034457 
6.9698802080653212698 -38.352586318167553259 
5.6373519806335234961 -8.8910987713605464933 
1.9971284279966814434 19.476329321180351428 
6.9277184250430892121 49.098291530820034723 
7.7496436831562638403 44.138825183174503763 
9.0243597700247253357 75.786347978768077382 
6.5468230382105119247 -56.969432162378346618 
8.9770604726089189285 -125.70721700803852627 
8.0752282949514313515 -7.2580513692934403025 
2.2393884875512108934 7.2820035322356844176 
0.51226075547918914488 4.5007671668620554684 
4.6014635980551021888 59.167306488020301458 
5.8621150660473135829 -66.816294164191006644 
7.8047040904540461170 8.4664253169671184196 
3.8518209114761963185 39.500838081377487754 
3.7709976325278278253 -43.719166430552299119 
9.3544634511059072679 82.589226535924893824 
7.0093038390402169213 -3.9651150685633069770 
6.8985488832881189936 56.350369214593882816 
6.4926505550026369917 -88.521354367204921232 
0.71459943858576069342 8.5125550123292619276 
3.1731697416893549502 6.3251832854989302746 
1.2013968913441805952 -11.018717299848056257 
2.3647931218362958639 2.9690030755670591134 
7.0918584082461659790 82.500874699220474895 
8.1228662796628139375 105.31027904900415137 
5.3195263027109920273 -52.560716436985401856 
8.3641178555991153587 -5.7702317054346536906 
2.8723411890817156511 -32.787007086113142407 
6.1687963729255956835 -50.490041782296913198 
1.2237663836829584252 14.684151843212827515 
5.1370701070188546922 -43.869578308464994620 
0.79282094944586534169 -5.3746455495697222915 
2.2798869845062585959 31.001959820182328542 
1.1084366191467664997 -0.28348228295743993499 
2.1137351549557950037 1.6690422801457316382 
6.5426738954154641803 -49.769097259048670878 
9.8018760976600010082 80.322605634157753229 
4.3350303446717077804 -1.8101398216424087195 
3.2405287648394249800 -17.001187295690034063 
4.3444352864085136190 11.151437169925429771 
9.2803423629403649642 73.713900229467412828 
5.2204071679853916166 47.857049021838335534 
3.9109086410317153160 -6.8758293344835763605 
6.5281708397365179053 56.720049490309790485 
6.0924344613128491588 36.031250553229369871 
3.9557216078425581074 -8.2546968965783307226 
4.2995567686808504604 -35.568359062820945837 
1.6022714841158376409 -16.215296815471106129 
1.0744563079245699200 0.57492664372898438785 
1.0756289687932392152 6.8786266833523512787 
1.8064763688348286497 -18.657704978011377506 
5.7349046451834535532 67.270694561545084866 
2.4563349103076612678 6.8108130184310908817 
3.4195414494818758833 -42.702121866770923475 
2.8302000112474905436 -0.86777386911583676010 
0.73847633102270859862 -3.6096582074579401933 
2.6435393635858832617 -24.337052123752862087 
3.9327821708693089242 -3.5090016795824325868 
4.7006911729780096465 -63.141947329970648184 
2.4955740286353669255 13.750333260399642654 
1.9193166982146909749 13.172256492131133143 
2.5535101888569706752 29.305240019716777056 
5.2180218627999241932 -39.378930950519887233 
8.8146616167022617816 73.414547204108430378 
8.7797806237254043538 -58.771243548474345175 
3.4743129158781043131 6.4104759103843562684 
3.9852173291822339252 21.338117996108437069 
6.7507881977510137972 72.920824747969504642 
8.5351183649397199815 62.850986036783041300 
0.68095359110113529155 -2.7604933882853712745 
7.7784238514339829607 16.032856282307164975 
1.2981390845775775400 -10.774686116097173638 
8.2456520301216382762 -80.710479838535462704 
4.9184097005059994601 61.679044010499339379 
3.1375387461380341847 -8.1874703569589897256 
4.8022727177350699179 -33.643194692264778212 
3.9528893173324886057 0.49921331152158643363 
4.0284583750416897985 36.300367219823677090 
9.7160473614363827011 -8.3763365247206422737 
7.4109199698176162485 55.969002906482316462 
3.2665273070573421776 19.533357966370466841 
8.8834147608510569682 -89.539531228188451450 
5.6511723427030888800 -47.561479651020846404 
2.8331515364247863431 -18.106547837568079728 
9.6738253034994503565 25.396084740970906068 
7.0458580615341332987 -27.061033362249659717 
6.3490510065379455185 62.819533165437690059 
9.6797296341218963533 -108.10763350191427890 
9.6471702671939620899 -137.69833087289191553 
5.1195006748106157701 62.331461242187074845 
0.64410822161854475176 5.9027923815461846857 
2.5700899480583947465 4.7471922649516926640 
4.0314758721840169287 57.819101245082080709 
8.3057476545792390255 -36.738891339515490131 
5.7145415728944986000 -3.1556046244236455323 
4.8148785149258968019 67.393550773186973402 
4.4954282856268505952 42.348692158676186637 
9.8401054757092580871 -18.535205318137641939 
6.6850848329791565661 52.606643855068327298 
5.1037089597671529972 -7.0974572742745749565 
0.95246700017762053747 11.716152225763600825 
8.6720873838031575787 -107.87100088537772535 
4.4707313467411706753 -52.480474048118864516 
6.4412782595361557370 -11.380510354391205396 
6.0533832263250761940 -14.090603333414847498 
8.8774786452033271900 95.251852788447251896 
1.7648674386208709208 20.928214254318664445 
8.6870587377402994633 6.0494495632836162713 
0.61519939069398632547 -2.5710407145632379056 
8.2178274451915473975 62.259939135273981492 
8.4398631130477479445 99.327720996177106372 
2.8148699343421244023 34.956197706862596419 
2.9258482973840052033 -11.584283724991230713 
5.6818473996632645751 18.364847872598843992 
7.0989426073380164084 44.824801040315762179 
6.5028819959886545732 -46.802305544381020752 
6.0568315372582111067 -14.675958734700259356 
4.5040454882465859043 -21.555474239157796035 
0.86574710325232628882 0.33876320038411478208 
4.2990164864847155712 -3.0411995967693670195 
0.75164361100125309800 -4.9730534164831929900 
4.0678542539827402535 -18.107560835627488416 
0.27794399702626987336 1.8766038298754428304 
3.8188397947216095041 17.343218044230148678 
4.5815797002353315648 52.525167025643924035 
4.7128611756747069705 -33.352721874533585833 
4.4198041010918656113 61.959281441427989989 
4.8219610525042773119 36.878449981678883773 
6.1675150315420008695 85.441100229804703758 
8.3791338070291576656 -28.698331130282653589 
6.6512000262405610584 46.398837251295759643 
3.9318265357509640801 -1.2634670161237337993 
1.5058293834687255242 18.616931675616850583 
1.3039421244674260780 9.8466341479724412977 
8.1868209107185858642 90.884506275115512608 
2.0664859826838530843 9.0139910941409944201 
3.7807250039881936665 33.204451372020095334 
3.4320577621694674519 19.800893171606830379 
2.0094291805490938074 20.158753116308030684 
1.8245460896330050193 -19.184658991496803537 
4.3538997635921070639 -32.413440746576384299 
6.2750688050331735468 -61.370898660566233218 
6.9252957633108955804 -52.168204137840731960 
9.8547396533448807787 -88.970624103252148984 
1.5306170378049579472 15.126194197561172672 
8.8011537197143319133 101.69399891634924415 
0.93050738208381478245 8.5523519322023240363 
6.9515369143029035470 -12.203053487554143430 
7.0124170193286339270 -91.177379986116065425 
0.93249519844773076649 4.7730700937440655451 
6.5626438123584822648 39.889519122105440374 
6.3781709083627609047 -33.651516010517731559 
6.0008323233102993655 67.673833705790045201 
8.5517499471827935764 -58.808799284257808893 
1.8144806743856463083 -1.7855890269880951848 
9.9264540201339404035 -81.884716963138032497 
7.1285996990280935393 78.564160865041515081 
6.6083514385290653692 -83.586535307551599772 
6.7742188895944721594 -61.247982438287195350 
5.5911642036175805970 66.865888232175478834 
2.7684241596888834458 -15.809001643529654757 
9.4978805160884380854 -27.367565633202374897 
7.3290667536347440247 33.852947529694475293 
9.3065068638792389777 -89.714155899556203622 
6.6400184118608791550 -12.230432381833352906 
5.2771023862285133532 -68.370966054402330769 
0.50708804167669141449 2.4992957539281102086 
6.7296129936996686993 -57.119431812146451932 
7.2511609780836900896 39.517204188220063088 
2.1049408145458881059 -13.523407646713977215 
3.1152779040468669969 -28.122614056026108642 
7.0337888925315592559 47.137564663877299154 
2.3566078925265174782 -27.733077923054796798 
6.3860621519921041411 -12.665708256236499096 
6.8730529464648242310 -71.909743052602962621 
2.3189740952540511820 -1.6825612017292037592 
0.42027918275062436937 0.36890174881190751499 
5.4378341799128362410 -8.7474897708341217140 
6.6250909280102066035 60.253373928055054876 
1.9610597622300460774 -7.5853838838728080418 
6.7764938142315633840 -6.0926860297623761653 
5.4268809673238633806 -56.413097407434335651 
4.4514441181959405469 -10.647407110600063618 
9.0963960891729644942 21.718649337401728872 
9.8696448849426978711 123.12911138731968208 
6.3033788460390294262 -70.882212485170043692 
0.61059861186896524643 -1.6109609468464638482 
7.2424644263196418237 4.0936334952486106431 
9.8223675408564492528 -134.96493198994522800 
1.4907306539663229827 7.7076910820994122275 
4.5328442716960894998 -3.6724150312043306599 
5.4509853452097489779 -1.4425632071724123762 
5.6971337280449718676 76.433919800137644529 
2.2243241569698897209 -1.9102261459829108503 
6.3831477779633436498 57.019675214750151326 
6.3426409656019311356 -37.566866115995232178 
0.85231810893829074161 0.43120142569513575381 
9.6778653363532125553 -74.703246087821014498 
8.0858916750150218178 114.08048777550395414 
3.8232173307390304728 5.8083438839366934303 
0.31629530238677988629 2.3549777760179999575 
4.0419213401504148209 52.772204351559203417 
6.2304120880941642469 -11.887467523282282400 
3.2774687676534650649 -20.156831837260728690 
4.8035209924466428788 51.344232820946700713 
8.1922760327116961321 29.835814848756911033 
6.3253327940183226019 72.751117396850588648 
1.2942324349951550566 -5.9029796936922798167 
8.5166807985203085707 -64.625439164336185627 
5.0880899145624125524 -42.166265350845478110 
0.87501244151984969299 -5.8139813568888598638 
5.0853409661096069527 36.697141965064744795 
4.9999879578804664604 -10.938059851728162641 
1.4420018608643068170 -3.5826160914734170859 
5.5798242371940531825 27.812424858479701584 
9.8021103893897549852 137.61146203614896422 
0.50252038633932794021 3.9281853001630393507 
4.2030067970739510841 43.386729861274275777 
0.62858441756830152336 0.72849609753908861620 
5.7057956276188876998 49.795117325587142432 
3.6507147197557427987 -31.528583481661627275 
8.0344390439108916979 12.883264673105387033 
5.3897664239051641388 77.335633719579448098 
8.6936598734120718035 -46.009168947008873829 
7.6074824034473680356 -2.8943578772271081334 
7.5846507075433571288 -89.412835682986440133 
8.2091701114119803862 -50.933989718042710138 
3.6031788549659102827 30.610285669041438439 
3.4545374404638602428 -36.094809730944504622 
2.3357258259484958707 -14.330409883860230735 
4.2007616412228232505 -30.931233276526828746 
7.9464324390740470605 -90.395062877600167894 
1.9494523012224356240 -14.714127275144930351 
7.4995880795920566442 -19.728912066929822799 
8.9002034414647344107 48.284898017341674858 
4.4649362803888914542 60.255263756219903826 
1.9463997223188307384 3.5215478729969937888 
4.7438662921834113817 -47.709538725492009803 
3.4375590045662929306 -19.664021325038053334 
4.9821357029529904636 44.862940212535548312 
9.8812082679718145073 49.655603515272872528 
9.6993708832894895977 -14.947041740212497984 
1.8430151333473125952 23.119614994795252727 
8.4615595752570129662 -73.396613055410568904 
5.5691953106036393706 -13.668113079711126545 
9.8520245069004932503 90.531018301402951920 
2.1050699424145555838 7.2361009327236551769 
5.9600551214458938887 55.577641070642499699 
5.9950667245401589867 -34.754177105625657873 
3.6556566391897429291 9.2107016494471452006 
6.3526006505058969509 34.553726225907198000 
0.39247698489398763488 2.2331873521711140818 
3.9445832612513576088 -44.065136301176075051 
2.4504775628528547848 -21.488869813596441105 
4.4544177786957961374 -38.912385236087104090 
1.9942684774238277345 22.729361122061348510 
4.4705001847003620341 3.2323318949765535990 
1.6600074118859087235 -18.168940463223513859 
9.0130578845202844462 -122.91500761745768955 
4.7693203129624519576 -33.741475084931316530 
2.1279018869527557278 14.679969731342715988 
4.2521176722953377691 28.949166254801653508 
4.5298152274100749182 -36.905206346757736924 
4.1828932657616384461 53.659112655870529807 
7.8577442503505796623 -5.2632743669794166408 
8.0723949336174403157 -108.70850830529812470 
0.33950718811195962354 1.7605116292334495043 
7.7964471463548505881 30.198772221660831860 
2.7920714524476628604 20.796505043648174649 
4.5698661696856772707 -19.234312366927071025 
1.8337180015955447665 22.245681930132779058 
6.7471259494367794574 52.811361313171602205 
2.5146052459402632451 6.6464879758549813005 
8.6718197705400523745 8.0036423733976391759 
9.8922095509314367234 -47.126178729309813775 
8.4021189766965633794 17.305768763908019992 
1.0300631092154104440 6.8675779884957410815 
2.9584564736593645939 26.021245310255075367 
3.5642884590599286376 -10.404466847630565951 
6.3440966566836047846 -28.171036908922317821 
2.5255217190575138808 -10.082684010014705933 
5.1494081341406072738 -33.915658387577643396 
5.4874729289671790866 18.057923861102892715 
9.7435612067256247570 -121.96616787250503933 
1.6887314596591340710 0.59318954165473414264 
4.6394119154427428953 -14.671553562128963222 
8.4969739903957552940 -50.415441267481924115 
7.0483794004384403564 66.435895391591472503 
7.0146416252775898315 -23.579257696221745277 
0.26873325159237898552 2.0107993454530239674 
3.1201081765917528799 15.368359356120919301 
0.87135720613296663295 9.4048041430068174407 
4.6013682808840767891 22.228694672112240482 
0.48082917115129097940 1.4210920804891964409 
1.4864292867122246289 -15.100143330667293640 
8.7450693805332395669 -13.967629412278142809 
2.2757307761546070601 7.4837960002328003384 
7.5876965084846448306 84.274745662367720911 
1.7168033915622071817 4.6671819504449452154 
4.5953517184939034479 64.003782179198182689 
7.6026448354866609236 -28.005240274924389610 
1.5020331431141924483 4.9342460310075608731 
9.5958635749869234388 -35.243789821438426202 
4.4174230005374308661 18.041031366221332632 
4.5409979927333976590 13.085936385647229940 
6.7607925782743389931 74.552078920056914058 
2.7839442299445433804 -13.077228304097033629 
2.0903227581580376970 -8.5895335222664819241 
7.6774087413238474298 93.014008282518062742 
4.3119136299257982969 -18.467411010870705468 
7.2618190666968791547 54.565095330278978736 
8.6147954431574120804 -67.917537803336500701 
2.5858333958010932818 -13.320003123382932131 
7.9092462345604159779 18.061353121285932843 
2.8297031158360592684 -18.856145551505306912 
9.9245460021800138151 38.083999447316728038 
6.6440212895744918953 -88.298627343280074342 
9.9144699583293220968 60.583853268980334406 
1.1146232611913755584 12.147382131531216487 
6.6610882942668601103 -81.383452469131313478 
6.3216484271131312411 41.952807999129660743 
0.60957871128695784169 -2.0514150774980048908 
4.7292993816940978036 -43.146589021321155144 
1.9469668130216080115 4.8132454286988526349 
8.5795867450142662136 54.103233194269506612 
4.0182964457810461667 -3.9980554037829492131 
5.8885809225033005632 67.155908614606886431 
1.1101650165562095829 -0.94847012404787989226 
7.3335768230474585039 0.97497485954609430792 
8.5818220506247531176 -38.163849028881827508 
0.94340477866266625462 -1.3537334283632258547 
8.2204088155387484704 -71.286592164493782775 
0.65024361675200692545 2.3527103616065829783 
2.2847480967708295729 -23.902097762771980172 
2.6335795641148651569 37.241735371108575237 
0.55583439809655432740 0.24540622754738983247 
0.67576017790522846518 7.8263742367284852008 
6.7074798062078322403 -49.463149871490749376 
9.2107357685166348915 -8.6901428938251399359 
8.3883365402213065920 -11.338762632554491461 
7.3178410759415584153 -32.036416137729332831 
3.0090751814035598954 -36.007356466910778181 
8.2324482076153486787 -64.474795621325753814 
5.1335148839881004079 34.294915840518029881 
7.1805548177013571731 -87.719647073757144540 
3.6351343298923710634 -13.955447780027412819 
8.8100899715972644799 -5.9151566321493191936 
1.7809671280844052710 14.658549645568960784 
1.4899877062017279350 8.1897837350154105707 
1.1052864828648589768 9.6982315944526575890 
6.3463178158232738113 38.864490156848461311 
4.5738162682306260365 -56.009399568377673972 
9.0418019388222887756 -39.256865870147379383 
9.6589933414098911868 -45.322919611841200549 
6.3149419684926897389 89.737839761948094974 
5.7656646387433738710 -80.265763002946172833 
7.4341417717977966717 -49.597686739407933487 
4.3826811142909729568 33.834060798877473530 
8.6644180720232988335 93.997691580477834350 
3.2755645560406851935 -4.2908572642415947485 
8.9953082842418190523 -83.253787128273131657 
3.8899766981422971845 -38.267668572357038670 
9.9843603858794622852 30.243825637225512537 
5.6399548241436905371 -72.487854062589832438 
7.3201625151172553529 54.304475344705792850 
6.1053523062188466142 -27.774539437266184905 
6.5606171967659907551 29.741655519825343390 
7.1402946628372827576 -67.844557286241212068 
7.7363462861100096291 15.197362773585126661 
8.3944093688261087749 -51.600114085043358614 
9.3960231806328877724 -123.30383513020977659 
5.1875030436402917999 -38.833081758310690645 
2.3354713008197842683 -27.502566805327788302 
2.6920021000296543434 1.9915326703635187755 
6.6505226529777035083 80.315871192346975249 
2.0894302847234405007 10.332972275810661245 
5.1757128370628864289 -3.0738087632950765737 
2.5367183558818839906 20.802273276092073218 
5.8463931722581214956 85.398495228894219622 
4.2651971842698817028 -42.568729658977289887 
1.5517313008469622027 19.934099911959318518 
0.87811595733259251162 8.0069136559400870823 
1.5025681391583538549 -9.1903036551677956822 
1.7532430846172766259 -11.639594253919000266 
8.1033171084015034324 34.943711835260572229 
1.8389662495732559400 23.741996523499185656 
3.4411831475047316431 40.167964997003920757 
9.1287319940985849342 -87.020163585756677094 
8.0014657037676375495 -112.56582591835557139 
6.6212708858641704524 5.5530251437324835706 
5.0275917345516196733 23.622966450482905998 
3.2939623899565169118 27.835237441339735653 
1.4749733556592812267 -4.5577151106875248843 
5.1558082880144171511 68.413241517434883576 
6.9633382017610401249 -87.192928891931160251 
0.50236712414375372937 1.1120491714919804593 
6.4146633858161372643 -35.949932072360333279 
1.3847997626179056052 5.7854098808310361335 
4.3660223919287650673 -24.788207632302125205 
4.4865624935078782798 -20.734626196132559528 
4.0717428787987026695 -35.075211774970455281 
1.6880530025368207792 -4.9525232739693940687 
1.3036902503200804571 8.5123936198701279920 
9.2476127048192111602 27.484848332743695210 
3.1836051910887888106 -10.974510090339588686 
9.2850165586324067135 122.99746996333240645 
1.9322345005700765075 -4.8529620593890712144 
0.49875331112323617599 1.5466072639867807226 
5.4248072785840486532 59.168484761146430628 
6.6697603858690994727 -48.057058681538606493 
8.8178361570472763020 41.795163392159281557 
2.8225222698384024866 16.446560721245120362 
6.9712322683476051211 64.463023887739893780 
0.51722950721488547554 1.2092189208988162186 
4.3579797012057364114 -28.288522326557913544 
5.0601214240890399765 -43.211439853514235665 
2.8335532445633462295 29.414849594193448468 
7.6487983878061882592 17.147116137354345256 
5.9256772829121153734 52.659540955743551649 
6.0458734501734889832 -29.374623332336945225 
7.6498804575430598973 -36.216699186675128885 
3.9050610933298299798 -42.883186032690865375 
9.2412907585727506188 18.073117875931927756 
4.4289189869214240503 49.854439958593872007 
5.0400649174713043621 -28.596442872990969875 
1.8732957156029630408 22.868457563143547162 
9.3857092919415112675 5.7807025376140472872 
4.4768923753689859879 -5.6393191748423987519 
5.9581388547920797194 -76.360481114627404509 
7.4903728066620587356 -37.440240433263099362 
3.0497579627427149340 -11.167792165640669566 
5.1112851383940531846 -22.529860322774986514 
3.7394658962254414547 -31.669827852487802744 
5.1711929090686119537 -19.941747321392163883 
6.7399263028528171304 -50.931835093924568980 
5.1308345053861090790 -28.048104085958492249 
5.2476704235326216974 55.281256126136341322 
9.4452950919523761542 64.451665267851524277 
8.9174208015166485097 -93.180292501885389811 
5.0055214370502696397 26.834395053458237612 
0.49374378241012800705 3.6391443352601653416 
4.8061573052921238158 33.566046582066945803 
0.48874539510240283535 4.2782948025072249365 
7.7216407099132382541 -67.947762796434972188 
0.47360331058128035675 0.88801599726845115157 
9.2624967694509408034 -79.330879918605234025 
5.0219439065557329727 11.160914334268952075 
1.6737160530586623342 6.0802036627196116569 
6.5544021572334578707 -79.127519086204557652 
0.95222367674089025691 -6.2847564695042770211 
8.3245100180331945694 110.40469110253557972 
0.54081414035156849529 1.6075863344992735726 
2.8097980351040696689 24.765341704975341486 
3.1340854156641286821 5.8305115397020870205 
2.0743351083493584142 -0.28990911153330856109 
7.3575716220127445055 -86.570883659114642228 
5.3239735420021920831 -73.065512998997647287 
1.8303749692297006657 -20.697616707427442861 
3.1535060964396990357 28.404671586107340886 
7.9697765669008706624 -15.566938866669886465 
9.0476363834556128296 55.005594999268140555 
7.9420993948273279628 -51.554692147412268355 
9.7658506303038858931 -117.39067081444514429 
2.5602697624700758716 27.917135991366031078 
2.1242178865645868768 11.851398493540877155 
1.1421163173179971206 3.8747957117130340521 
7.8709957107292298772 -23.935495237690716408 
8.1924318298851304121 -65.452278954954493884 
2.7533163373705464849 37.029886418107849977 
1.4222780645792563181 -5.2800698383718422946 
8.4407444854825239844 33.914399493129735674 
2.5229546986412403342 -11.673865356104602853 
4.6955513715108398998 -27.239240599243323970 
0.44868704876528620051 4.5237254177711507808 
5.0346757643979067609 -12.927170442852158772 
6.3378486745900124433 -17.244824009306171320 
1.6264506393539190920 -7.9961972394713658474 
0.59576462857426104591 -0.082255438328568963868 
2.0880386447000147676 -18.771580083785053716 
7.9244845308652811511 93.660069799336440610 
9.5907019585780695081 125.54090846362603884 
2.4591026081228188893 28.359779070124396583 
1.7928919109572940549 18.225037379821827699 
3.8605694067028424321 -31.551464796539139712 
2.9265828009168286528 -33.496507756681303647 
1.3776908092075867973 10.286615315156041106 
1.4472048197615714482 -4.7018219032984198691 
5.6467889590645956588 81.607672685930879197 
5.3392516850887670188 17.912970824385752167 
2.5577344325045108242 18.409653332186522334 
1.8187776071458059413 -15.764976674019138159 
8.8772906109784042172 19.846305818320217895 
8.0348174551902680207 94.950470093502261193 
4.1500017551627008672 10.406690452000823655 
1.3101727534752902748 -11.648730187636807898 
9.7906595286760520480 67.287573656933574284 
9.5678948679236999197 119.31577598461697676 
4.1490615285488532393 -3.9257137423830172906 
0.92594142330833606458 0.24546397074879067191 
5.0163751124567319550 -56.474863572288043656 
9.0251773207059251547 86.176935573092833920 
2.2170632365999280999 -10.481625023661180762 
2.5196794936279647281 -26.310811495262214521 
3.9527158497220673539 13.215377303355168692 
5.5486814779688895527 -13.400521858662933994 
2.7090735000505610230 30.115346311037896498 
3.0039315931572918572 8.3128537800224009402 
0.40665173432290380173 3.6379128492469114953 
9.2104459680503190100 -128.35603854914523936 
3.9236052543415951277 42.325820436658744939 
3.5878000183939198209 47.302440022689182797 
5.0314578288988052179 6.4544393149649010866 
8.3509036891531103208 -111.22451579183048409 
1.7136100188325729121 11.429337397750934713 
5.6494940098235844061 -69.942667935264012158 
0.58395651795114034144 -2.4997692559722670680 
8.2362619793363212040 -30.987256845662997762 
1.3958186289829856985 16.394541278502543946 
1.0565965252918556594 9.0701698999594349004 
0.42126663344544412748 1.9234910194679231132 
2.9124965395343878072 29.446624603972622936 
9.5559631452449131928 111.52699348610019570 
9.9615017359437612043 29.761638123497021979 
4.4132560540849317121 56.539108536512429737 
4.7326926773077824251 50.594821064528574084 
6.7681349543855233719 43.248320059011831518 
8.0968533040380865629 -53.800245916443110161 
2.4475834612426998760 -0.19230587601357029826 
3.3397886171638071495 -15.884865356210003284 
9.1866350513662098365 -61.358679130028690452 
0.75468012545839346927 -1.9892915760365941225 
1.7617619541837645780 1.1220034412010342351 
4.1641842507422692776 53.909657962663700914 
4.9363766339811174788 -46.341680988023590260 
7.7036189272311776932 74.611331139169053017 
6.0560545018155940156 -59.104383429507194592 
7.2615289903013300332 7.9778120551779068137 
3.5572623195803743101 18.129328648259431134 
8.6467977293217952450 -54.753377346444082718 
9.2733923310943051632 74.268344517073160205 
1.9242962087797421677 11.905037519434696236 
8.1036326118274804031 -40.242517042712947273 
5.6240815397238783646 -19.930000165262590883 
0.33997580630510038091 2.9566190640448701821 
3.5799104564174664134 -24.624573619531609836 
4.2053447084996928851 23.526876119367969409 
3.7492978975524025032 25.595499250483776166 
2.3434805770568423178 -2.0593319201835313947 
2.3055520996370346687 -12.378207336083498546 
4.9765733690900848529 -23.963239272707774319 
8.9422155015908106890 4.8293225457627784181 
7.4812261464702842773 9.0397938248964919694 
4.7727546642404572452 17.218646617305239488 
3.5165649717189149115 22.238664360570417955 
7.4622676086175632193 -4.5811493509670668800 
9.5497121217912770419 43.685577059932342081 
0.39597893584316801174 0.94854964503268279774 
2.6108014273733313182 -21.889536667362470723 
4.7620949450938017122 -44.882248088426635491 
1.6637647798964823043 -4.4038980502260720584 
9.1846492526700451720 96.386542720093984826 
7.4644277016507807332 -104.02245326923258517 
9.2498731306684440767 40.825180212364728050 
2.5054061021195770387 -13.731706520053254650 
6.5974320985316579069 80.407888991931770306 
6.8648079744299552729 -91.848085873192033546 
7.1818739689951041072 15.074826417725176952 
8.3295520491200480961 71.608971186976305034 
0.47869785278105370097 2.7642639360946996696 
5.8420946549885401922 20.787273104098559884 
3.4076740259884683582 11.225770291785245547 
8.5804339132964440040 68.323382140964980636 
3.1041632922632169667 15.023192672277659199 
8.8460214728103618853 -14.164044650809742620 
5.6746671630280944854 34.190268638769751419 
5.6258371411098746506 20.692524908824310614 
5.1379020543646518604 -56.130853604224583364 
5.6164288735065897029 8.4826211473885990699 
7.2678896289332630687 -44.859635097053818242 
9.9797876859398755300 -60.211369817535853599 
0.47418878996788393909 3.3014779129935609703 
7.1768739606392424335 14.647237634166643261 
0.93185402132226280436 7.1539533958190979490 
0.91357060687175639657 9.1374904383031374522 
4.9172703311606467125 7.4481187479703123699 
1.8771438856901063730 21.558012308225304565 
0.26882978862712142432 1.9676523880286889145 
6.9512629000659371670 -1.0667156268512911765 
0.41105676712421923558 1.1864531760919336811 
9.3051347736564000712 -128.44157427533914984 
9.8677798723537488712 114.35999159309534434 
5.1089848398059345413 -27.633978154123461479 
2.8070977088575697067 -14.664191004692369802 
6.5400456430570752531 -8.4350416738391089666 
6.9843351203884189715 -39.808275071186990601 
1.6899229978018608378 -15.909708311062054520 
7.9373291008395110424 -37.987660201286601591 
8.0826680410713773739 -73.762057224897574770 
9.5022772604897340898 -117.39477903063723829 
1.6403136900983072977 -13.867615879284354463 
8.9165031697550887202 -16.977039203907139608 
5.6249658050217625771 45.965640999648755383 
1.0969443633835733731 -8.4955914892688539908 
2.4414148491992802015 19.124275828921838638 
9.9688508071445411929 -48.344868137401633135 
4.8951872196978447604 -31.757973422901315530 
1.4172437655668284062 16.153431849185118097 
5.7640863596468543406 51.726710577011417058 
9.3109918751629958678 136.95328513278721516 
0.66069015204123626717 7.4956737473296453089 
1.3350092165445113235 15.641990027276992947 
0.50138622150454481563 -1.4253011936028494588 
8.9913229318107177335 -42.411423190688552154 
6.7474972221083948654 -24.832506965294172119 
0.33633752141423489679 2.9858839564212820150 
3.2928034002717714301 -41.104483948223403900 
3.1987887753027881566 13.054669078171862395 
3.8437890580997069456 16.759683602449143791 
4.4931679052153148390 -17.973775723526131287 
1.7809202715957606067 19.083543128015683976 
8.9203013816643572653 -48.117664621341134534 
6.9504883100226475534 -88.127164827539772318 
4.7778024008306232417 61.156203341692418007 
6.7725057611404464453 -76.467774301114644686 
9.4029278052748406225 24.183800337844843398 
4.9018012451620043279 3.0037287203068387953 
1.7022562157448362097 16.946584448958702751 
9.4896125158748478867 -1.3510974040187591072 
2.2871300216429966135 7.2500184939789136251 
3.1895389453110589706 4.7116203416785822355 
2.5290651189586270675 0.23892515981668083214 
3.7722346233175541030 -48.326760621225723469 
7.1693920480106694271 28.213169921137406959 
7.5132366061448401240 -5.9721875199141294388 
6.5661099126614601573 80.351956270798666537 
3.2328985425143739185 -9.3908800197090869233 
2.3353468370441756718 -10.918909372230611865 
3.4896257317147263421 48.973697295133732155 
7.2830151230690125530 7.5144560141952183585 
9.1828003108510127817 -9.2355250299379036960 
5.2340123717900768341 60.198178800941931854 
6.7504050525522627524 -43.728582164337296945 
7.1209798507469805884 -14.592508540402420181 
2.2825454015313715317 22.242182843710232021 
6.7436546509575991948 35.424303274879775927 
2.1997816616480929675 6.0160597148386969479 
3.6868050033787898023 13.825906211616121766 
3.7951810749688212887 -6.6385380152760049555 
0.54478499231346444454 0.80625938953764908490 
5.3471261881214644518 1.3860480798597336616 
6.1174216122985987099 -48.810889366046190219 
8.8000209611658029019 -118.42626784083890357 
3.3182357637930737226 44.739467422914295014 
3.0716733686791464208 38.110908786371425094 
4.8885549631581763919 -37.018796243760583309 
4.8728276249971171907 24.272303567647028899 
8.3379558312935913023 76.781847114660422449 
8.5301201534037787155 -74.079337730057488898 
4.2957938962296235985 53.464507138999508129 
3.6322525636684384054 44.704485517480016199 
4.9695769388847059744 46.656564020768769296 
6.5206523486643854781 39.213135719772580501 
2.7350887517539663740 -14.173283677874898956 
4.5238854961320846826 -4.1455616582494982936 
9.0327545168420257937 73.955692546994981740 
9.9580219816589092829 -45.898704187353146722 
0.46316172675336364506 -0.18990755718549634512 
9.3842399127106563839 -118.38329931634135050 
2.0545214287636639483 -11.187390606139597793 
8.8238434736756232724 16.353880506129428341 
0.37324410660093748637 2.0477102344856583649 
2.5358179120255091021 20.031464253801630093 
8.5943760265282680422 -66.811880998209787208 
5.7238497679324247258 -75.115675361459949499 
3.1263617655818602969 20.479724769686946217 
5.4511109008407228060 18.858584628117824877 
7.6758204825039166863 85.864034333106857844 
8.9975941781239274775 -54.117315546804860560 
1.8471149141590381682 -10.159282042064658569 
1.4070728328324819678 -4.4030894831342575202 
1.5188096520380609533 16.701516819337928865 
7.2125152625628778935 -12.599486104730274860 
3.5662935991645854372 -45.407266776409862530 
7.0271636173790135160 -23.516717468264303648 
6.9020199708721206022 -70.721632846643558423 
3.9025067277678102684 40.943572866391740206 
8.4780195983620085798 -99.276330129827158544 
0.61407609780362348850 -0.14253444487227806547 
9.1772733703212825418 32.597498634358601066 
4.3129651203385810376 -28.035662608013090846 
9.3632097254900443772 52.661532526391226838 
3.4571332145076847375 3.8108494337711960043 
8.0189563587841945491 6.5024262296424382157 
5.7665732632787278789 55.647018459711603100 
3.5583927370969226089 -44.554683117455049057 
2.1750538415041758000 20.893163062237817940 
2.3039600620166513778 25.544975988987111748 
0.71044959512965721871 1.1681919555912179121 
3.7622301523608130402 -32.776816720786627002 
9.9827423900468659212 -83.119353981454850100 
5.3293988345649401239 -63.042060007497887852 
